item,cate
0,3
1,0
2,2
3,11
4,4
5,3
6,2
7,2
8,0
9,2
10,0
11,3
12,0
13,2
14,0
15,2
16,0
17,3
18,2
19,0
20,9
21,2
22,1
23,0
24,2
25,2
26,3
27,2
28,4
29,7
30,0
31,3
32,2
33,0
34,3
35,1
36,2
37,1
38,1
39,7
40,7
41,7
42,7
43,3
44,3
45,0
46,2
47,0
48,8
49,0
50,4
51,1
52,4
53,8
54,2
55,3
56,2
57,2
58,2
59,4
60,2
61,2
62,4
63,6
64,2
65,1
66,2
67,1
68,2
69,0
70,0
71,3
72,2
73,0
74,7
75,2
76,1
77,6
78,2
79,0
80,2
81,2
82,2
83,2
84,4
85,4
86,1
87,0
88,0
89,0
90,4
91,4
92,7
93,2
94,1
95,3
96,2
97,2
98,3
99,7
100,2
101,3
102,3
103,2
104,3
105,2
106,7
107,3
108,2
109,7
110,3
111,2
112,2
113,3
114,7
115,3
116,3
117,3
118,3
119,0
120,2
121,4
122,2
123,1
124,4
125,2
126,2
127,0
128,0
129,2
130,2
131,3
132,6
133,3
134,0
135,0
136,0
137,2
138,0
139,2
140,0
141,0
142,2
143,2
144,2
145,2
146,6
147,1
148,1
149,2
150,7
151,2
152,3
153,0
154,2
155,1
156,3
157,3
158,2
159,2
160,2
161,2
162,2
163,2
164,2
165,3
166,2
167,2
168,0
169,0
170,3
171,3
172,1
173,2
174,4
175,3
176,0
177,0
178,1
179,2
180,2
181,2
182,0
183,0
184,3
185,3
186,2
187,2
188,0
189,2
190,0
191,2
192,2
193,2
194,2
195,2
196,2
197,0
198,3
199,0
200,1
201,2
202,2
203,4
204,2
205,0
206,2
207,1
208,2
209,4
210,5
211,0
212,1
213,0
214,1
215,2
216,5
217,2
218,2
219,3
220,6
221,0
222,2
223,2
224,1
225,10
226,2
227,2
228,2
229,6
230,12
231,0
232,8
233,4
234,0
235,0
236,4
237,1
238,4
239,0
240,2
241,1
242,8
243,3
244,7
245,7
246,3
247,2
248,2
249,2
250,0
251,2
252,3
253,2
254,4
255,1
256,2
257,2
258,2
259,0
260,1
261,3
262,1
263,0
264,1
265,0
266,3
267,3
268,3
269,3
270,4
271,3
272,1
273,2
274,3
275,3
276,3
277,4
278,0
279,2
280,2
281,2
282,0
283,2
284,2
285,2
286,4
287,0
288,2
289,2
290,2
291,0
292,6
293,2
294,2
295,2
296,0
297,2
298,7
299,1
300,2
301,3
302,0
303,2
304,0
305,1
306,4
307,0
308,3
309,2
310,2
311,1
312,0
313,1
314,1
315,1
316,0
317,3
318,1
319,0
320,0
321,0
322,4
323,0
324,4
325,2
326,0
327,2
328,2
329,2
330,1
331,2
332,2
333,1
334,2
335,2
336,2
337,1
338,2
339,2
340,1
341,1
342,0
343,1
344,2
345,0
346,6
347,0
348,6
349,2
350,2
351,1
352,2
353,1
354,1
355,2
356,0
357,6
358,4
359,2
360,1
361,2
362,3
363,3
364,1
365,1
366,1
367,2
368,1
369,1
370,2
371,3
372,1
373,4
374,0
375,3
376,10
377,14
378,3
379,2
380,2
381,3
382,10
383,2
384,1
385,2
386,3
387,3
388,9
389,2
390,4
391,2
392,0
393,2
394,1
395,7
396,17
397,5
398,7
399,1
400,12
401,1
402,1
403,3
404,0
405,0
406,4
407,4
408,2
409,4
410,1
411,1
412,2
413,0
414,4
415,4
416,11
417,0
418,2
419,7
420,1
421,11
422,1
423,3
424,3
425,3
426,2
427,4
428,11
429,0
430,2
431,3
432,1
433,4
434,1
435,4
436,0
437,11
438,2
439,2
440,4
441,2
442,2
443,17
444,4
445,4
446,0
447,4
448,1
449,2
450,3
451,2
452,4
453,4
454,9
455,1
456,0
457,2
458,1
459,2
460,12
461,2
462,0
463,2
464,4
465,1
466,4
467,2
468,3
469,4
470,1
471,0
472,2
473,2
474,4
475,1
476,6
477,1
478,2
479,3
480,1
481,1
482,0
483,4
484,1
485,1
486,1
487,0
488,2
489,2
490,1
491,1
492,0
493,5
494,3
495,1
496,2
497,2
498,7
499,2
500,4
501,3
502,0
503,1
504,2
505,4
506,1
507,4
508,2
509,0
510,4
511,4
512,4
513,2
514,4
515,1
516,4
517,4
518,1
519,0
520,3
521,2
522,2
523,1
524,2
525,0
526,4
527,0
528,4
529,2
530,4
531,1
532,7
533,2
534,2
535,2
536,2
537,4
538,2
539,2
540,2
541,4
542,4
543,2
544,2
545,2
546,2
547,2
548,2
549,2
550,2
551,4
552,5
553,0
554,2
555,3
556,2
557,2
558,2
559,4
560,2
561,2
562,1
563,0
564,2
565,5
566,0
567,2
568,5
569,1
570,1
571,1
572,2
573,2
574,2
575,2
576,0
577,4
578,9
579,5
580,1
581,2
582,0
583,0
584,0
585,4
586,4
587,3
588,2
589,1
590,4
591,5
592,4
593,2
594,7
595,3
596,3
597,1
598,7
599,0
600,8
601,0
602,1
603,0
604,11
605,4
606,0
607,0
608,0
609,0
610,2
611,3
612,2
613,3
614,14
615,3
616,2
617,7
618,3
619,4
620,0
621,0
622,0
623,0
624,0
625,0
626,0
627,2
628,2
629,0
630,3
631,3
632,0
633,4
634,3
635,3
636,7
637,0
638,3
639,0
640,3
641,0
642,2
643,3
644,3
645,7
646,7
647,8
648,0
649,0
650,8
651,8
652,7
653,8
654,16
655,1
656,0
657,7
658,3
659,3
660,1
661,7
662,8
663,3
664,7
665,3
666,3
667,3
668,7
669,0
670,3
671,8
672,0
673,8
674,3
675,16
676,7
677,8
678,8
679,0
680,2
681,0
682,7
683,1
684,0
685,1
686,1
687,3
688,1
689,3
690,0
691,8
692,7
693,0
694,2
695,8
696,0
697,3
698,0
699,1
700,1
701,8
702,0
703,1
704,2
705,2
706,0
707,2
708,0
709,3
710,3
711,0
712,2
713,8
714,2
715,0
716,0
717,2
718,2
719,2
720,2
721,0
722,1
723,0
724,0
725,2
726,2
727,0
728,2
729,2
730,2
731,2
732,2
733,2
734,2
735,2
736,0
737,0
738,2
739,0
740,2
741,2
742,2
743,2
744,0
745,2
746,2
747,2
748,3
749,3
750,0
751,2
752,2
753,3
754,3
755,2
756,3
757,4
758,3
759,3
760,2
761,4
762,0
763,2
764,2
765,3
766,3
767,2
768,1
769,7
770,2
771,2
772,0
773,2
774,7
775,2
776,0
777,3
778,7
779,2
780,0
781,2
782,3
783,0
784,3
785,0
786,2
787,2
788,2
789,13
790,2
791,3
792,2
793,1
794,2
795,10
796,7
797,3
798,0
799,1
800,7
801,0
802,1
803,2
804,1
805,6
806,1
807,2
808,4
809,4
810,4
811,4
812,4
813,1
814,4
815,2
816,1
817,4
818,7
819,3
820,1
821,4
822,0
823,11
824,2
825,2
826,2
827,2
828,0
829,1
830,2
831,0
832,0
833,2
834,1
835,2
836,11
837,1
838,0
839,0
840,2
841,2
842,10
843,1
844,2
845,2
846,1
847,2
848,3
849,1
850,0
851,1
852,3
853,3
854,3
855,8
856,0
857,3
858,2
859,2
860,1
861,0
862,0
863,0
864,1
865,15
866,2
867,1
868,1
869,2
870,2
871,2
872,0
873,4
874,2
875,1
876,2
877,3
878,2
879,1
880,2
881,1
882,1
883,4
884,4
885,1
886,4
887,4
888,1
889,1
890,2
891,2
892,2
893,15
894,0
895,2
896,2
897,3
898,0
899,12
900,1
901,1
902,2
903,1
904,2
905,2
906,3
907,1
908,1
909,1
910,2
911,3
912,1
913,0
914,0
915,5
916,2
917,1
918,4
919,2
920,2
921,1
922,2
923,18
924,2
925,1
926,1
927,4
928,1
929,2
930,2
931,2
932,1
933,7
934,2
935,3
936,2
937,0
938,0
939,0
940,1
941,0
942,1
943,0
944,8
945,0
946,5
947,1
948,2
949,1
950,1
951,1
952,2
953,1
954,0
955,0
956,0
957,5
958,1
959,1
960,8
961,0
962,0
963,0
964,1
965,0
966,1
967,0
968,2
969,1
970,9
971,4
972,1
973,1
974,1
975,0
976,2
977,1
978,11
979,1
980,1
981,0
982,0
983,1
984,0
985,1
986,1
987,1
988,1
989,1
990,1
991,0
992,1
993,1
994,1
995,0
996,4
997,0
998,1
999,1
1000,0
1001,1
1002,1
1003,0
1004,0
1005,0
1006,1
1007,1
1008,0
1009,1
1010,1
1011,0
1012,1
1013,2
1014,0
1015,0
1016,1
1017,1
1018,1
1019,0
1020,0
1021,1
1022,1
1023,2
1024,1
1025,2
1026,2
1027,2
1028,2
1029,3
1030,0
1031,2
1032,2
1033,2
1034,2
1035,0
1036,2
1037,2
1038,2
1039,0
1040,2
1041,2
1042,2
1043,1
1044,3
1045,1
1046,2
1047,0
1048,1
1049,0
1050,3
1051,0
1052,4
1053,0
1054,0
1055,1
1056,2
1057,1
1058,3
1059,2
1060,2
1061,3
1062,2
1063,4
1064,2
1065,0
1066,0
1067,6
1068,9
1069,0
1070,4
1071,0
1072,4
1073,4
1074,4
1075,0
1076,0
1077,1
1078,1
1079,0
1080,3
1081,1
1082,3
1083,2
1084,2
1085,0
1086,0
1087,1
1088,1
1089,0
1090,1
1091,0
1092,2
1093,0
1094,0
1095,1
1096,0
1097,3
1098,1
1099,1
1100,3
1101,1
1102,1
1103,1
1104,3
1105,0
1106,0
1107,1
1108,0
1109,4
1110,0
1111,2
1112,0
1113,0
1114,0
1115,0
1116,0
1117,0
1118,1
1119,4
1120,0
1121,4
1122,3
1123,1
1124,7
1125,7
1126,2
1127,0
1128,1
1129,7
1130,4
1131,1
1132,0
1133,0
1134,1
1135,0
1136,1
1137,0
1138,1
1139,3
1140,1
1141,4
1142,0
1143,1
1144,15
1145,3
1146,4
1147,2
1148,0
1149,0
1150,1
1151,2
1152,0
1153,0
1154,1
1155,15
1156,1
1157,0
1158,2
1159,1
1160,2
1161,0
1162,9
1163,2
1164,0
1165,0
1166,1
1167,1
1168,2
1169,1
1170,5
1171,1
1172,0
1173,2
1174,2
1175,2
1176,0
1177,0
1178,2
1179,0
1180,2
1181,0
1182,1
1183,0
1184,1
1185,1
1186,3
1187,4
1188,0
1189,1
1190,2
1191,1
1192,3
1193,0
1194,10
1195,0
1196,0
1197,0
1198,14
1199,1
1200,2
1201,0
1202,4
1203,2
1204,0
1205,1
1206,9
1207,2
1208,1
1209,0
1210,0
1211,0
1212,0
1213,0
1214,3
1215,2
1216,1
1217,0
1218,1
1219,0
1220,5
1221,1
1222,1
1223,1
1224,0
1225,1
1226,2
1227,1
1228,3
1229,0
1230,2
1231,4
1232,0
1233,0
1234,0
1235,1
1236,0
1237,0
1238,3
1239,2
1240,2
1241,0
1242,1
1243,4
1244,1
1245,0
1246,2
1247,2
1248,0
1249,0
1250,0
1251,0
1252,1
1253,0
1254,2
1255,0
1256,2
1257,1
1258,1
1259,0
1260,0
1261,6
1262,1
1263,1
1264,0
1265,0
1266,0
1267,0
1268,3
1269,2
1270,1
1271,1
1272,2
1273,0
1274,2
1275,0
1276,1
1277,2
1278,1
1279,3
1280,0
1281,4
1282,1
1283,1
1284,0
1285,8
1286,8
1287,1
1288,8
1289,0
1290,2
1291,3
1292,0
1293,3
1294,0
1295,2
1296,2
1297,0
1298,0
1299,0
1300,8
1301,0
1302,7
1303,3
1304,3
1305,8
1306,3
1307,7
1308,6
1309,0
1310,2
1311,2
1312,0
1313,2
1314,1
1315,0
1316,3
1317,0
1318,2
1319,0
1320,0
1321,0
1322,4
1323,7
1324,2
1325,1
1326,2
1327,2
1328,0
1329,2
1330,1
1331,0
1332,2
1333,2
1334,0
1335,2
1336,2
1337,5
1338,1
1339,8
1340,0
1341,1
1342,0
1343,0
1344,1
1345,0
1346,2
1347,1
1348,4
1349,6
1350,0
1351,1
1352,0
1353,1
1354,0
1355,0
1356,2
1357,1
1358,2
1359,1
1360,2
1361,3
1362,2
1363,2
1364,0
1365,0
1366,0
1367,0
1368,6
1369,1
1370,4
1371,0
1372,0
1373,1
1374,0
1375,2
1376,2
1377,2
1378,2
1379,2
1380,3
1381,2
1382,2
1383,1
1384,7
1385,2
1386,3
1387,1
1388,1
1389,1
1390,1
1391,4
1392,1
1393,1
1394,1
1395,2
1396,4
1397,0
1398,12
1399,1
1400,2
1401,5
1402,2
1403,6
1404,0
1405,0
1406,1
1407,0
1408,8
1409,1
1410,1
1411,0
1412,0
1413,0
1414,0
1415,1
1416,1
1417,2
1418,6
1419,0
1420,3
1421,4
1422,0
1423,4
1424,6
1425,6
1426,8
1427,0
1428,4
1429,2
1430,0
1431,3
1432,0
1433,0
1434,0
1435,0
1436,0
1437,2
1438,0
1439,0
1440,6
1441,1
1442,6
1443,0
1444,3
1445,6
1446,0
1447,0
1448,6
1449,0
1450,2
1451,1
1452,1
1453,11
1454,8
1455,2
1456,0
1457,2
1458,0
1459,6
1460,6
1461,2
1462,1
1463,1
1464,2
1465,0
1466,0
1467,6
1468,0
1469,1
1470,4
1471,0
1472,0
1473,0
1474,0
1475,4
1476,2
1477,0
1478,0
1479,0
1480,2
1481,4
1482,0
1483,0
1484,1
1485,0
1486,0
1487,0
1488,1
1489,0
1490,6
1491,2
1492,4
1493,0
1494,3
1495,0
1496,2
1497,7
1498,5
1499,2
1500,0
1501,1
1502,2
1503,1
1504,1
1505,2
1506,2
1507,2
1508,0
1509,2
1510,3
1511,0
1512,2
1513,2
1514,2
1515,2
1516,2
1517,2
1518,2
1519,2
1520,1
1521,0
1522,2
1523,2
1524,3
1525,7
1526,2
1527,5
1528,2
1529,4
1530,2
1531,2
1532,2
1533,2
1534,1
1535,0
1536,1
1537,2
1538,10
1539,0
1540,0
1541,0
1542,6
1543,0
1544,2
1545,2
1546,2
1547,5
1548,0
1549,1
1550,2
1551,3
1552,0
1553,4
1554,0
1555,0
1556,2
1557,1
1558,2
1559,1
1560,0
1561,0
1562,1
1563,1
1564,0
1565,1
1566,1
1567,1
1568,7
1569,0
1570,1
1571,0
1572,2
1573,0
1574,0
1575,4
1576,15
1577,4
1578,0
1579,2
1580,2
1581,2
1582,11
1583,0
1584,2
1585,1
1586,4
1587,7
1588,4
1589,0
1590,0
1591,3
1592,0
1593,0
1594,2
1595,0
1596,2
1597,2
1598,1
1599,1
1600,1
1601,1
1602,1
1603,4
1604,4
1605,8
1606,0
1607,1
1608,2
1609,3
1610,0
1611,2
1612,2
1613,3
1614,2
1615,2
1616,0
1617,1
1618,2
1619,1
1620,0
1621,4
1622,3
1623,2
1624,3
1625,0
1626,0
1627,4
1628,3
1629,0
1630,3
1631,1
1632,0
1633,2
1634,1
1635,1
1636,2
1637,2
1638,2
1639,0
1640,1
1641,0
1642,1
1643,2
1644,1
1645,2
1646,2
1647,1
1648,0
1649,3
1650,0
1651,2
1652,11
1653,2
1654,2
1655,1
1656,1
1657,2
1658,3
1659,2
1660,2
1661,2
1662,4
1663,3
1664,2
1665,2
1666,2
1667,12
1668,2
1669,2
1670,0
1671,1
1672,1
1673,0
1674,4
1675,1
1676,2
1677,6
1678,2
1679,13
1680,10
1681,1
1682,6
1683,13
1684,3
1685,2
1686,3
1687,2
1688,0
1689,0
1690,0
1691,2
1692,0
1693,0
1694,2
1695,2
1696,7
1697,3
1698,0
1699,0
1700,2
1701,7
1702,0
1703,0
1704,0
1705,2
1706,0
1707,1
1708,0
1709,0
1710,0
1711,7
1712,7
1713,0
1714,0
1715,1
1716,1
1717,1
1718,4
1719,0
1720,1
1721,3
1722,1
1723,1
1724,0
1725,0
1726,2
1727,0
1728,1
1729,1
1730,1
1731,0
1732,0
1733,1
1734,15
1735,2
1736,0
1737,2
1738,3
1739,0
1740,1
1741,0
1742,15
1743,1
1744,4
1745,1
1746,4
1747,1
1748,2
1749,0
1750,6
1751,2
1752,0
1753,0
1754,0
1755,7
1756,2
1757,1
1758,0
1759,1
1760,2
1761,1
1762,0
1763,4
1764,1
1765,1
1766,0
1767,0
1768,0
1769,1
1770,1
1771,0
1772,0
1773,2
1774,1
1775,1
1776,8
1777,3
1778,1
1779,0
1780,4
1781,2
1782,0
1783,2
1784,1
1785,2
1786,2
1787,1
1788,0
1789,2
1790,0
1791,4
1792,2
1793,2
1794,2
1795,2
1796,1
1797,1
1798,6
1799,2
1800,0
1801,2
1802,0
1803,3
1804,0
1805,0
1806,4
1807,9
1808,5
1809,0
1810,0
1811,0
1812,0
1813,1
1814,0
1815,0
1816,0
1817,4
1818,0
1819,2
1820,2
1821,3
1822,3
1823,3
1824,1
1825,0
1826,0
1827,2
1828,1
1829,0
1830,3
1831,2
1832,0
1833,2
1834,5
1835,3
1836,0
1837,3
1838,2
1839,1
1840,5
1841,0
1842,0
1843,0
1844,5
1845,5
1846,4
1847,1
1848,5
1849,2
1850,1
1851,5
1852,3
1853,0
1854,5
1855,2
1856,0
1857,5
1858,1
1859,0
1860,1
1861,5
1862,0
1863,1
1864,5
1865,6
1866,4
1867,3
1868,5
1869,0
1870,1
1871,6
1872,0
1873,7
1874,0
1875,3
1876,0
1877,0
1878,2
1879,0
1880,1
1881,5
1882,0
1883,3
1884,0
1885,0
1886,4
1887,2
1888,0
1889,0
1890,0
1891,1
1892,5
1893,2
1894,1
1895,2
1896,0
1897,0
1898,0
1899,0
1900,2
1901,0
1902,5
1903,1
1904,0
1905,7
1906,3
1907,0
1908,2
1909,1
1910,0
1911,0
1912,2
1913,2
1914,2
1915,9
1916,2
1917,1
1918,1
1919,1
1920,1
1921,1
1922,0
1923,3
1924,0
1925,1
1926,1
1927,1
1928,0
1929,1
1930,0
1931,0
1932,6
1933,0
1934,0
1935,0
1936,0
1937,3
1938,7
1939,0
1940,0
1941,0
1942,0
1943,0
1944,2
1945,1
1946,3
1947,1
1948,0
1949,2
1950,2
1951,0
1952,1
1953,1
1954,0
1955,1
1956,1
1957,1
1958,1
1959,1
1960,1
1961,1
1962,1
1963,1
1964,1
1965,1
1966,1
1967,1
1968,1
1969,1
1970,1
1971,1
1972,0
1973,4
1974,2
1975,1
1976,1
1977,2
1978,1
1979,1
1980,1
1981,1
1982,1
1983,4
1984,1
1985,1
1986,1
1987,1
1988,1
1989,4
1990,1
1991,0
1992,1
1993,4
1994,0
1995,3
1996,1
1997,0
1998,15
1999,1
2000,1
2001,1
2002,1
2003,1
2004,1
2005,1
2006,4
2007,2
2008,4
2009,1
2010,1
2011,5
2012,1
2013,1
2014,1
2015,1
2016,1
2017,4
2018,1
2019,1
2020,4
2021,2
2022,1
2023,11
2024,6
2025,2
2026,4
2027,5
2028,5
2029,2
2030,2
2031,0
2032,1
2033,2
2034,6
2035,6
2036,2
2037,2
2038,6
2039,1
2040,2
2041,2
2042,2
2043,2
2044,2
2045,2
2046,2
2047,2
2048,1
2049,2
2050,6
2051,6
2052,11
2053,2
2054,1
2055,6
2056,4
2057,1
2058,12
2059,2
2060,10
2061,4
2062,2
2063,2
2064,2
2065,0
2066,2
2067,2
2068,6
2069,1
2070,2
2071,4
2072,6
2073,2
2074,4
2075,6
2076,2
2077,2
2078,0
2079,0
2080,0
2081,2
2082,0
2083,2
2084,2
2085,0
2086,2
2087,0
2088,2
2089,2
2090,3
2091,2
2092,2
2093,2
2094,0
2095,2
2096,1
2097,1
2098,0
2099,0
2100,1
2101,1
2102,1
2103,1
2104,0
2105,1
2106,0
2107,1
2108,1
2109,0
2110,0
2111,1
2112,1
2113,1
2114,1
2115,1
2116,2
2117,5
2118,0
2119,0
2120,16
2121,1
2122,0
2123,1
2124,1
2125,1
2126,1
2127,1
2128,0
2129,0
2130,1
2131,1
2132,9
2133,0
2134,3
2135,1
2136,1
2137,1
2138,1
2139,0
2140,0
2141,1
2142,0
2143,8
2144,16
2145,8
2146,1
2147,3
2148,8
2149,8
2150,0
2151,2
2152,0
2153,2
2154,0
2155,2
2156,2
2157,0
2158,7
2159,0
2160,2
2161,3
2162,0
2163,0
2164,3
2165,0
2166,3
2167,3
2168,7
2169,3
2170,0
2171,2
2172,0
2173,0
2174,2
2175,0
2176,0
2177,3
2178,0
2179,0
2180,0
2181,0
2182,0
2183,1
2184,7
2185,3
2186,6
2187,7
2188,1
2189,6
2190,0
2191,0
2192,0
2193,8
2194,0
2195,0
2196,0
2197,0
2198,2
2199,0
2200,0
2201,7
2202,0
2203,7
2204,0
2205,7
2206,3
2207,7
2208,0
2209,0
2210,0
2211,4
2212,7
2213,0
2214,0
2215,2
2216,0
2217,0
2218,0
2219,0
2220,1
2221,0
2222,0
2223,0
2224,2
2225,3
2226,7
2227,0
2228,7
2229,7
2230,0
2231,0
2232,2
2233,3
2234,7
2235,0
2236,8
2237,0
2238,0
2239,0
2240,0
2241,3
2242,6
2243,0
2244,7
2245,0
2246,7
2247,0
2248,0
2249,0
2250,6
2251,0
2252,3
2253,7
2254,5
2255,0
2256,0
2257,0
2258,2
2259,7
2260,2
2261,0
2262,0
2263,0
2264,0
2265,0
2266,0
2267,0
2268,0
2269,7
2270,3
2271,0
2272,3
2273,3
2274,3
2275,0
2276,7
2277,0
2278,0
2279,3
2280,7
2281,7
2282,3
2283,0
2284,0
2285,0
2286,0
2287,0
2288,7
2289,0
2290,0
2291,2
2292,7
2293,0
2294,7
2295,0
2296,0
2297,0
2298,0
2299,0
2300,2
2301,0
2302,0
2303,0
2304,0
2305,8
2306,7
2307,7
2308,7
2309,7
2310,7
2311,6
2312,0
2313,7
2314,0
2315,0
2316,7
2317,7
2318,0
2319,0
2320,0
2321,0
2322,0
2323,2
2324,0
2325,0
2326,0
2327,0
2328,7
2329,0
2330,0
2331,0
2332,0
2333,3
2334,0
2335,2
2336,0
2337,0
2338,3
2339,0
2340,3
2341,0
2342,3
2343,7
2344,0
2345,0
2346,0
2347,0
2348,7
2349,2
2350,8
2351,0
2352,0
2353,8
2354,0
2355,0
2356,0
2357,0
2358,0
2359,7
2360,7
2361,7
2362,8
2363,0
2364,1
2365,5
2366,5
2367,0
2368,6
2369,1
2370,5
2371,0
2372,0
2373,0
2374,1
2375,1
2376,14
2377,5
2378,1
2379,4
2380,1
2381,1
2382,2
2383,2
2384,2
2385,12
2386,2
2387,0
2388,0
2389,1
2390,6
2391,2
2392,6
2393,6
2394,1
2395,6
2396,3
2397,9
2398,0
2399,0
2400,6
2401,0
2402,2
2403,5
2404,2
2405,6
2406,6
2407,6
2408,2
2409,6
2410,12
2411,5
2412,8
2413,1
2414,4
2415,0
2416,2
2417,6
2418,2
2419,0
2420,6
2421,2
2422,4
2423,6
2424,0
2425,1
2426,5
2427,0
2428,2
2429,1
2430,2
2431,1
2432,7
2433,7
2434,2
2435,5
2436,1
2437,3
2438,0
2439,1
2440,2
2441,3
2442,2
2443,2
2444,8
2445,2
2446,2
2447,2
2448,2
2449,3
2450,10
2451,3
2452,3
2453,0
2454,8
2455,0
2456,1
2457,4
2458,0
2459,3
2460,0
2461,1
2462,4
2463,0
2464,11
2465,2
2466,7
2467,2
2468,2
2469,5
2470,0
2471,2
2472,0
2473,4
2474,2
2475,1
2476,0
2477,3
2478,0
2479,2
2480,2
2481,2
2482,3
2483,0
2484,0
2485,3
2486,2
2487,2
2488,2
2489,2
2490,3
2491,0
2492,11
2493,15
2494,2
2495,1
2496,0
2497,0
2498,0
2499,1
2500,1
2501,0
2502,0
2503,0
2504,0
2505,0
2506,0
2507,1
2508,1
2509,0
2510,0
2511,0
2512,0
2513,1
2514,0
2515,6
2516,2
2517,0
2518,9
2519,0
2520,4
2521,8
2522,3
2523,4
2524,3
2525,3
2526,2
2527,2
2528,8
2529,0
2530,1
2531,0
2532,7
2533,4
2534,1
2535,0
2536,0
2537,0
2538,3
2539,1
2540,4
2541,2
2542,3
2543,0
2544,2
2545,1
2546,3
2547,8
2548,0
2549,1
2550,1
2551,1
2552,0
2553,1
2554,1
2555,1
2556,0
2557,0
2558,2
2559,0
2560,0
2561,0
2562,0
2563,0
2564,0
2565,0
2566,0
2567,0
2568,8
2569,1
2570,0
2571,0
2572,0
2573,0
2574,2
2575,1
2576,3
2577,0
2578,0
2579,0
2580,3
2581,2
2582,0
2583,1
2584,1
2585,0
2586,0
2587,0
2588,3
2589,5
2590,1
2591,0
2592,0
2593,8
2594,5
2595,0
2596,0
2597,0
2598,0
2599,0
2600,0
2601,0
2602,0
2603,5
2604,0
2605,0
2606,0
2607,0
2608,0
2609,1
2610,0
2611,0
2612,0
2613,3
2614,0
2615,0
2616,0
2617,2
2618,0
2619,0
2620,0
2621,3
2622,3
2623,0
2624,0
2625,2
2626,0
2627,2
2628,0
2629,0
2630,0
2631,0
2632,0
2633,0
2634,2
2635,0
2636,0
2637,0
2638,0
2639,0
2640,0
2641,0
2642,0
2643,0
2644,0
2645,0
2646,0
2647,2
2648,0
2649,2
2650,0
2651,0
2652,0
2653,0
2654,0
2655,0
2656,2
2657,0
2658,0
2659,0
2660,0
2661,0
2662,1
2663,5
2664,7
2665,0
2666,0
2667,0
2668,0
2669,3
2670,0
2671,0
2672,2
2673,3
2674,0
2675,0
2676,0
2677,0
2678,8
2679,0
2680,2
2681,0
2682,1
2683,2
2684,13
2685,0
2686,2
2687,5
2688,0
2689,0
2690,0
2691,0
2692,2
2693,9
2694,0
2695,0
2696,5
2697,5
2698,2
2699,3
2700,0
2701,0
2702,0
2703,0
2704,0
2705,7
2706,0
2707,0
2708,0
2709,2
2710,2
2711,2
2712,5
2713,0
2714,3
2715,0
2716,2
2717,0
2718,0
2719,5
2720,0
2721,4
2722,8
2723,1
2724,12
2725,0
2726,1
2727,1
2728,1
2729,1
2730,1
2731,1
2732,0
2733,1
2734,0
2735,0
2736,2
2737,0
2738,1
2739,4
2740,1
2741,0
2742,1
2743,1
2744,6
2745,1
2746,0
2747,1
2748,4
2749,17
2750,0
2751,0
2752,9
2753,0
2754,6
2755,0
2756,0
2757,0
2758,0
2759,0
2760,1
2761,0
2762,2
2763,2
2764,1
2765,2
2766,7
2767,0
2768,2
2769,15
2770,2
2771,2
2772,3
2773,0
2774,2
2775,2
2776,3
2777,0
2778,2
2779,2
2780,1
2781,2
2782,3
2783,0
2784,1
2785,10
2786,2
2787,5
2788,8
2789,2
2790,1
2791,2
2792,5
2793,2
2794,2
2795,2
2796,1
2797,2
2798,1
2799,2
2800,1
2801,3
2802,1
2803,1
2804,0
2805,1
2806,0
2807,0
2808,2
2809,3
2810,1
2811,2
2812,2
2813,1
2814,3
2815,2
2816,3
2817,0
2818,1
2819,1
2820,0
2821,0
2822,11
2823,0
2824,0
2825,2
2826,0
2827,2
2828,2
2829,1
2830,0
2831,2
2832,6
2833,2
2834,6
2835,4
2836,2
2837,1
2838,1
2839,1
2840,1
2841,2
2842,1
2843,0
2844,1
2845,0
2846,14
2847,0
2848,3
2849,1
2850,1
2851,1
2852,0
2853,1
2854,0
2855,2
2856,6
2857,1
2858,2
2859,1
2860,4
2861,0
2862,0
2863,1
2864,1
2865,0
2866,7
2867,2
2868,1
2869,2
2870,10
2871,2
2872,1
2873,0
2874,0
2875,2
2876,1
2877,7
2878,4
2879,2
2880,0
2881,0
2882,2
2883,1
2884,0
2885,0
2886,4
2887,2
2888,0
2889,1
2890,0
2891,0
2892,3
2893,2
2894,0
2895,0
2896,1
2897,1
2898,1
2899,0
2900,0
2901,10
2902,10
2903,0
2904,4
2905,0
2906,0
2907,2
2908,2
2909,13
2910,2
2911,6
2912,6
2913,0
2914,0
2915,1
2916,0
2917,0
2918,3
2919,0
2920,1
2921,7
2922,0
2923,9
2924,7
2925,1
2926,0
2927,2
2928,4
2929,1
2930,0
2931,0
2932,0
2933,0
2934,12
2935,0
2936,0
2937,3
2938,0
2939,1
2940,0
2941,1
2942,5
2943,1
2944,1
2945,1
2946,5
2947,0
2948,5
2949,8
2950,3
2951,2
2952,2
2953,3
2954,1
2955,8
2956,0
2957,0
2958,0
2959,0
2960,0
2961,0
2962,0
2963,4
2964,0
2965,0
2966,1
2967,3
2968,7
2969,5
2970,5
2971,5
2972,1
2973,0
2974,1
2975,1
2976,1
2977,1
2978,1
2979,1
2980,2
2981,0
2982,0
2983,2
2984,0
2985,10
2986,3
2987,1
2988,0
2989,1
2990,1
2991,1
2992,4
2993,17
2994,0
2995,0
2996,4
2997,0
2998,5
2999,1
3000,1
3001,0
3002,0
3003,4
3004,1
3005,0
3006,0
3007,0
3008,4
3009,3
3010,0
3011,0
3012,1
3013,0
3014,1
3015,0
3016,0
3017,1
3018,0
3019,3
3020,1
3021,0
3022,0
3023,0
3024,1
3025,11
3026,1
3027,0
3028,5
3029,1
3030,1
3031,1
3032,3
3033,0
3034,0
3035,1
3036,1
3037,0
3038,1
3039,6
3040,0
3041,4
3042,5
3043,1
3044,1
3045,2
3046,0
3047,2
3048,1
3049,4
3050,8
3051,0
3052,2
3053,1
3054,1
3055,4
3056,1
3057,12
3058,1
3059,2
3060,0
3061,2
3062,2
3063,0
3064,1
3065,1
3066,0
3067,4
3068,6
3069,3
3070,3
3071,5
3072,3
3073,2
3074,2
3075,0
3076,0
3077,7
3078,1
3079,1
3080,4
3081,4
3082,0
3083,4
3084,0
3085,1
3086,1
3087,0
3088,16
3089,1
3090,8
3091,8
3092,1
3093,0
3094,7
3095,1
3096,8
3097,1
3098,16
3099,0
3100,0
3101,0
3102,2
3103,0
3104,1
3105,1
3106,3
3107,0
3108,0
3109,1
3110,1
3111,0
3112,8
3113,1
3114,0
3115,0
3116,0
3117,0
3118,5
3119,0
3120,0
3121,0
3122,0
3123,1
3124,1
3125,3
3126,1
3127,0
3128,16
3129,12
3130,1
3131,1
3132,0
3133,1
3134,6
3135,1
3136,3
3137,1
3138,1
3139,4
3140,1
3141,1
3142,1
3143,3
3144,1
3145,1
3146,0
3147,15
3148,1
3149,1
3150,0
3151,0
3152,0
3153,4
3154,0
3155,1
3156,12
3157,1
3158,6
3159,8
3160,5
3161,0
3162,4
3163,1
3164,1
3165,0
3166,0
3167,1
3168,0
3169,1
3170,1
3171,4
3172,1
3173,1
3174,3
3175,0
3176,3
3177,1
3178,7
3179,0
3180,1
3181,4
3182,2
3183,1
3184,0
3185,0
3186,1
3187,3
3188,2
3189,4
3190,1
3191,1
3192,5
3193,0
3194,1
3195,9
3196,4
3197,1
3198,0
3199,4
3200,2
3201,2
3202,1
3203,0
3204,0
3205,1
3206,2
3207,4
3208,1
3209,1
3210,2
3211,1
3212,4
3213,4
3214,1
3215,1
3216,0
3217,1
3218,0
3219,1
3220,1
3221,1
3222,1
3223,1
3224,1
3225,1
3226,1
3227,0
3228,2
3229,1
3230,6
3231,3
3232,1
3233,1
3234,0
3235,1
3236,1
3237,1
3238,1
3239,1
3240,0
3241,10
3242,0
3243,1
3244,2
3245,0
3246,1
3247,1
3248,0
3249,1
3250,1
3251,1
3252,0
3253,4
3254,1
3255,1
3256,1
3257,0
3258,1
3259,1
3260,0
3261,0
3262,0
3263,0
3264,1
3265,1
3266,1
3267,0
3268,0
3269,0
3270,1
3271,2
3272,0
3273,1
3274,2
3275,1
3276,1
3277,2
3278,11
3279,0
3280,0
3281,1
3282,0
3283,2
3284,0
3285,1
3286,1
3287,2
3288,1
3289,1
3290,1
3291,1
3292,7
3293,1
3294,1
3295,1
3296,4
3297,1
3298,0
3299,4
3300,14
3301,1
3302,1
3303,4
3304,1
3305,0
3306,1
3307,0
3308,14
3309,0
3310,2
3311,5
3312,12
3313,0
3314,1
3315,1
3316,1
3317,1
3318,2
3319,0
3320,1
3321,0
3322,4
3323,1
3324,1
3325,0
3326,2
3327,2
3328,1
3329,1
3330,7
3331,0
3332,5
3333,2
3334,5
3335,0
3336,7
3337,7
3338,7
3339,5
3340,5
3341,5
3342,5
3343,2
3344,6
3345,7
3346,3
3347,0
3348,1
3349,13
3350,2
3351,2
3352,0
3353,7
3354,2
3355,1
3356,2
3357,6
3358,4
3359,0
3360,1
3361,7
3362,1
3363,6
3364,2
3365,1
3366,1
3367,2
3368,1
3369,0
3370,5
3371,4
3372,5
3373,1
3374,4
3375,2
3376,1
3377,4
3378,4
3379,5
3380,3
3381,4
3382,1
3383,1
3384,1
3385,3
3386,3
3387,2
3388,4
3389,4
3390,1
3391,5
3392,5
3393,5
3394,5
3395,4
3396,2
3397,3
3398,1
3399,6
3400,5
3401,9
3402,1
3403,1
3404,1
3405,2
3406,1
3407,17
3408,0
3409,0
3410,1
3411,0
3412,0
3413,1
3414,0
3415,5
3416,1
3417,3
3418,1
3419,1
3420,4
3421,1
3422,0
3423,1
3424,6
3425,7
3426,0
3427,0
3428,1
3429,1
3430,0
3431,0
3432,1
3433,1
3434,1
3435,0
3436,1
3437,1
3438,1
3439,1
3440,0
3441,2
3442,0
3443,1
3444,1
3445,0
3446,18
3447,1
3448,0
3449,0
3450,0
3451,1
3452,4
3453,0
3454,14
3455,0
3456,2
3457,2
3458,5
3459,4
3460,2
3461,0
3462,9
3463,3
3464,3
3465,4
3466,4
3467,5
3468,1
3469,2
3470,2
3471,3
3472,3
3473,1
3474,1
3475,10
3476,10
3477,3
3478,10
3479,10
3480,2
3481,3
3482,3
3483,3
3484,1
3485,3
3486,2
3487,2
3488,3
3489,3
3490,3
3491,3
3492,3
3493,10
3494,3
3495,3
3496,2
3497,10
3498,0
3499,13
3500,3
3501,3
3502,2
3503,3
3504,7
3505,2
3506,0
3507,1
3508,2
3509,0
3510,2
3511,1
3512,3
3513,12
3514,1
3515,0
3516,2
3517,1
3518,2
3519,7
3520,0
3521,2
3522,0
3523,2
3524,6
3525,2
3526,2
3527,1
3528,0
3529,1
3530,1
3531,5
3532,0
3533,0
3534,0
3535,0
3536,3
3537,1
3538,0
3539,0
3540,0
3541,0
3542,16
3543,2
3544,3
3545,8
3546,0
3547,2
3548,2
3549,0
3550,0
3551,11
3552,8
3553,2
3554,2
3555,0
3556,5
3557,2
3558,5
3559,0
3560,2
3561,1
3562,2
3563,2
3564,0
3565,2
3566,1
3567,4
3568,0
3569,4
3570,0
3571,1
3572,1
3573,1
3574,4
3575,1
3576,3
3577,0
3578,5
3579,1
3580,1
3581,1
3582,0
3583,0
3584,4
3585,1
3586,2
3587,2
3588,3
3589,4
3590,1
3591,4
3592,4
3593,0
3594,1
3595,4
3596,5
3597,4
3598,1
3599,2
3600,1
3601,1
3602,1
3603,5
3604,1
3605,5
3606,1
3607,1
3608,1
3609,5
3610,1
3611,5
3612,0
3613,1
3614,0
3615,0
3616,1
3617,6
3618,6
3619,12
3620,6
3621,5
3622,2
3623,4
3624,1
3625,2
3626,2
3627,2
3628,2
3629,8
3630,1
3631,4
3632,2
3633,2
3634,1
3635,1
3636,11
3637,5
3638,6
3639,1
3640,1
3641,1
3642,1
3643,0
3644,4
3645,0
3646,1
3647,1
3648,1
3649,0
3650,0
3651,0
3652,2
3653,1
3654,2
3655,1
3656,2
3657,2
3658,2
3659,8
3660,3
3661,3
3662,8
3663,7
3664,2
3665,2
3666,7
3667,3
3668,3
3669,7
3670,2
3671,3
3672,0
3673,0
3674,1
3675,2
3676,0
3677,15
3678,2
3679,1
3680,1
3681,4
3682,2
3683,2
3684,4
3685,2
3686,2
3687,0
3688,2
3689,0
3690,0
3691,1
3692,6
3693,2
3694,1
3695,0
3696,1
3697,0
3698,1
3699,0
3700,1
3701,1
3702,1
3703,0
3704,2
3705,1
3706,1
3707,1
3708,1
3709,1
3710,1
3711,0
3712,1
3713,2
3714,0
3715,1
3716,1
3717,2
3718,2
3719,1
3720,0
3721,0
3722,7
3723,2
3724,1
3725,2
3726,1
3727,1
3728,3
3729,1
3730,2
3731,2
3732,3
3733,2
3734,2
3735,3
3736,11
3737,1
3738,9
3739,2
3740,1
3741,2
3742,1
3743,3
3744,4
3745,3
3746,1
3747,0
3748,2
3749,2
3750,7
3751,2
3752,0
3753,1
3754,1
3755,0
3756,1
3757,2
3758,8
3759,2
3760,0
3761,2
3762,0
3763,0
3764,0
3765,1
3766,5
3767,2
3768,1
3769,2
3770,4
3771,0
3772,1
3773,1
3774,2
3775,4
3776,2
3777,4
3778,5
3779,0
3780,1
3781,2
3782,3
3783,2
3784,3
3785,0
3786,2
3787,2
3788,2
3789,6
3790,1
3791,1
3792,1
3793,1
3794,5
3795,5
3796,1
3797,1
3798,5
3799,5
3800,5
3801,5
3802,4
3803,1
3804,0
3805,2
3806,0
3807,0
3808,0
3809,1
3810,9
3811,2
3812,3
3813,5
3814,2
3815,4
3816,0
3817,5
3818,1
3819,1
3820,0
3821,5
3822,1
3823,0
3824,2
3825,6
3826,0
3827,5
3828,5
3829,1
3830,0
3831,0
3832,1
3833,2
3834,2
3835,1
3836,9
3837,2
3838,1
3839,1
3840,0
3841,2
3842,0
3843,0
3844,0
3845,6
3846,0
3847,3
3848,0
3849,3
3850,1
3851,0
3852,6
3853,9
3854,2
3855,3
3856,2
3857,0
3858,2
3859,6
3860,4
3861,0
3862,2
3863,10
3864,2
3865,6
3866,6
3867,6
3868,2
3869,1
3870,12
3871,2
3872,0
3873,0
3874,2
3875,0
3876,2
3877,4
3878,2
3879,1
3880,0
3881,1
3882,1
3883,6
3884,2
3885,5
3886,2
3887,2
3888,9
3889,5
3890,5
3891,1
3892,4
3893,1
3894,0
3895,0
3896,0
3897,1
3898,0
3899,1
3900,1
3901,0
3902,5
3903,0
3904,1
3905,1
3906,0
3907,5
3908,0
3909,1
3910,0
3911,0
3912,1
3913,0
3914,2
3915,0
3916,1
3917,1
3918,0
3919,0
3920,1
3921,1
3922,1
3923,1
3924,2
3925,0
3926,0
3927,0
3928,0
3929,0
3930,0
3931,0
3932,0
3933,0
3934,0
3935,0
3936,8
3937,1
3938,3
3939,2
3940,0
3941,2
3942,0
3943,4
3944,14
3945,0
3946,0
3947,1
3948,1
3949,1
3950,12
3951,0
3952,1
3953,3
3954,0
3955,0
3956,2
3957,4
3958,1
3959,0
3960,0
3961,0
3962,0
3963,6
3964,1
3965,0
3966,4
3967,5
3968,1
3969,1
3970,0
3971,8
3972,0
3973,4
3974,0
3975,2
3976,2
3977,3
3978,0
3979,0
3980,1
3981,4
3982,1
3983,1
3984,3
3985,16
3986,5
3987,4
3988,17
3989,5
3990,6
3991,1
3992,1
3993,1
3994,5
3995,1
3996,1
3997,0
3998,9
3999,1
4000,4
4001,1
4002,6
4003,3
4004,2
4005,8
4006,1
4007,1
4008,1
4009,4
4010,3
4011,2
4012,2
4013,2
4014,2
4015,3
4016,0
4017,0
4018,0
4019,0
4020,0
4021,0
4022,0
4023,0
4024,0
4025,1
4026,0
4027,0
4028,0
4029,7
4030,13
4031,1
4032,4
4033,4
4034,1
4035,1
4036,2
4037,4
4038,2
4039,1
4040,2
4041,0
4042,6
4043,2
4044,2
4045,1
4046,2
4047,2
4048,2
4049,0
4050,2
4051,2
4052,0
4053,2
4054,2
4055,2
4056,4
4057,1
4058,1
4059,2
4060,0
4061,2
4062,1
4063,2
4064,2
4065,2
4066,1
4067,1
4068,3
4069,2
4070,6
4071,2
4072,1
4073,2
4074,0
4075,2
4076,2
4077,2
4078,2
4079,0
4080,2
4081,2
4082,2
4083,2
4084,3
4085,2
4086,2
4087,2
4088,2
4089,3
4090,1
4091,0
4092,1
4093,2
4094,0
4095,1
4096,4
4097,1
4098,2
4099,10
4100,6
4101,1
4102,0
4103,2
4104,3
4105,0
4106,3
4107,6
4108,2
4109,6
4110,0
4111,0
4112,3
4113,0
4114,4
4115,0
4116,7
4117,0
4118,3
4119,1
4120,4
4121,7
4122,0
4123,2
4124,0
4125,0
4126,4
4127,0
4128,0
4129,0
4130,7
4131,0
4132,1
4133,1
4134,1
4135,1
4136,1
4137,1
4138,1
4139,1
4140,4
4141,0
4142,2
4143,1
4144,2
4145,0
4146,1
4147,1
4148,6
4149,6
4150,4
4151,6
4152,1
4153,1
4154,1
4155,3
4156,2
4157,6
4158,6
4159,8
4160,2
4161,6
4162,6
4163,2
4164,6
4165,4
4166,2
4167,2
4168,2
4169,2
4170,2
4171,2
4172,2
4173,10
4174,1
4175,1
4176,4
4177,1
4178,5
4179,5
4180,4
4181,3
4182,7
4183,2
4184,3
4185,0
4186,5
4187,0
4188,1
4189,0
4190,1
4191,1
4192,1
4193,1
4194,1
4195,0
4196,0
4197,1
4198,0
4199,0
4200,1
4201,4
4202,5
4203,0
4204,1
4205,1
4206,0
4207,1
4208,4
4209,1
4210,1
4211,1
4212,0
4213,0
4214,2
4215,1
4216,0
4217,5
4218,3
4219,2
4220,4
4221,2
4222,7
4223,7
4224,0
4225,4
4226,0
4227,1
4228,3
4229,1
4230,1
4231,1
4232,5
4233,7
4234,0
4235,5
4236,5
4237,5
4238,1
4239,5
4240,5
4241,0
4242,0
4243,1
4244,0
4245,5
4246,2
4247,2
4248,5
4249,2
4250,5
4251,0
4252,5
4253,3
4254,2
4255,7
4256,5
4257,0
4258,5
4259,7
4260,5
4261,0
4262,1
4263,5
4264,0
4265,5
4266,7
4267,5
4268,0
4269,5
4270,0
4271,1
4272,2
4273,5
4274,0
4275,1
4276,5
4277,5
4278,0
4279,0
4280,5
4281,1
4282,5
4283,0
4284,1
4285,1
4286,5
4287,4
4288,0
4289,5
4290,1
4291,5
4292,4
4293,5
4294,5
4295,3
4296,5
4297,5
4298,7
4299,0
4300,6
4301,5
4302,7
4303,1
4304,5
4305,0
4306,0
4307,5
4308,5
4309,7
4310,2
4311,1
4312,5
4313,5
4314,7
4315,1
4316,0
4317,0
4318,0
4319,5
4320,0
4321,1
4322,0
4323,5
4324,1
4325,1
4326,5
4327,13
4328,1
4329,5
4330,5
4331,5
4332,3
4333,2
4334,2
4335,2
4336,1
4337,2
4338,1
4339,4
4340,1
4341,3
4342,2
4343,0
4344,3
4345,0
4346,4
4347,4
4348,8
4349,0
4350,1
4351,3
4352,2
4353,2
4354,2
4355,2
4356,1
4357,2
4358,0
4359,0
4360,4
4361,4
4362,0
4363,2
4364,0
4365,2
4366,5
4367,1
4368,6
4369,4
4370,1
4371,1
4372,2
4373,5
4374,1
4375,2
4376,1
4377,1
4378,1
4379,1
4380,4
4381,1
4382,2
4383,1
4384,1
4385,1
4386,0
4387,1
4388,1
4389,3
4390,12
4391,1
4392,0
4393,0
4394,0
4395,0
4396,0
4397,0
4398,0
4399,0
4400,2
4401,8
4402,0
4403,0
4404,5
4405,3
4406,5
4407,0
4408,5
4409,5
4410,0
4411,3
4412,8
4413,5
4414,5
4415,0
4416,0
4417,1
4418,1
4419,1
4420,0
4421,2
4422,2
4423,0
4424,0
4425,0
4426,4
4427,0
4428,7
4429,3
4430,2
4431,3
4432,7
4433,0
4434,11
4435,0
4436,1
4437,2
4438,0
4439,2
4440,0
4441,4
4442,6
4443,2
4444,6
4445,8
4446,2
4447,6
4448,10
4449,5
4450,10
4451,4
4452,6
4453,7
4454,1
4455,2
4456,0
4457,6
4458,1
4459,12
4460,0
4461,2
4462,3
4463,6
4464,5
4465,1
4466,1
4467,2
4468,1
4469,1
4470,7
4471,0
4472,1
4473,3
4474,1
4475,1
4476,0
4477,1
4478,3
4479,0
4480,3
4481,5
4482,4
4483,0
4484,1
4485,3
4486,1
4487,0
4488,3
4489,2
4490,0
4491,4
4492,1
4493,0
4494,1
4495,0
4496,1
4497,6
4498,4
4499,1
4500,4
4501,0
4502,5
4503,1
4504,0
4505,7
4506,0
4507,4
4508,1
4509,1
4510,7
4511,1
4512,1
4513,4
4514,1
4515,1
4516,1
4517,1
4518,1
4519,1
4520,0
4521,1
4522,4
4523,1
4524,4
4525,4
4526,4
4527,6
4528,0
4529,6
4530,0
4531,3
4532,3
4533,1
4534,1
4535,11
4536,1
4537,1
4538,0
4539,0
4540,14
4541,9
4542,0
4543,5
4544,1
4545,5
4546,0
4547,1
4548,5
4549,1
4550,0
4551,1
4552,1
4553,2
4554,0
4555,0
4556,0
4557,0
4558,7
4559,5
4560,0
4561,1
4562,1
4563,1
4564,0
4565,1
4566,1
4567,3
4568,0
4569,0
4570,3
4571,2
4572,2
4573,2
4574,12
4575,2
4576,0
4577,11
4578,5
4579,0
4580,1
4581,0
4582,0
4583,1
4584,0
4585,1
4586,1
4587,0
4588,3
4589,1
4590,0
4591,1
4592,1
4593,4
4594,0
4595,1
4596,0
4597,16
4598,0
4599,0
4600,1
4601,1
4602,1
4603,1
4604,4
4605,0
4606,1
4607,1
4608,1
4609,0
4610,0
4611,0
4612,7
4613,0
4614,1
4615,1
4616,0
4617,0
4618,0
4619,1
4620,1
4621,1
4622,1
4623,0
4624,0
4625,0
4626,0
4627,0
4628,2
4629,3
4630,1
4631,1
4632,5
4633,1
4634,0
4635,2
4636,2
4637,0
4638,0
4639,2
4640,3
4641,1
4642,1
4643,1
4644,2
4645,4
4646,2
4647,1
4648,1
4649,1
4650,1
4651,0
4652,0
4653,5
4654,4
4655,1
4656,2
4657,0
4658,1
4659,0
4660,1
4661,1
4662,1
4663,0
4664,0
4665,2
4666,0
4667,2
4668,0
4669,0
4670,1
4671,0
4672,1
4673,0
4674,1
4675,0
4676,0
4677,1
4678,1
4679,1
4680,7
4681,1
4682,5
4683,1
4684,0
4685,5
4686,0
4687,4
4688,1
4689,4
4690,0
4691,2
4692,0
4693,0
4694,0
4695,0
4696,4
4697,0
4698,0
4699,1
4700,1
4701,1
4702,2
4703,1
4704,0
4705,0
4706,0
4707,1
4708,1
4709,0
4710,5
4711,3
4712,1
4713,2
4714,1
4715,2
4716,1
4717,1
4718,1
4719,4
4720,1
4721,1
4722,0
4723,5
4724,4
4725,4
4726,1
4727,0
4728,0
4729,5
4730,1
4731,1
4732,1
4733,1
4734,0
4735,0
4736,1
4737,6
4738,9
4739,3
4740,0
4741,4
4742,0
4743,5
4744,1
4745,13
4746,9
4747,13
4748,2
4749,2
4750,0
4751,0
4752,5
4753,0
4754,1
4755,1
4756,5
4757,1
4758,1
4759,2
4760,1
4761,5
4762,1
4763,6
4764,6
4765,6
4766,5
4767,1
4768,5
4769,0
4770,5
4771,1
4772,5
4773,1
4774,8
4775,1
4776,18
4777,1
4778,1
4779,1
4780,2
4781,6
4782,1
4783,1
4784,0
4785,6
4786,9
4787,0
4788,1
4789,0
4790,1
4791,1
4792,1
4793,3
4794,2
4795,1
4796,0
4797,1
4798,2
4799,2
4800,0
4801,1
4802,1
4803,6
4804,4
4805,2
4806,1
4807,0
4808,1
4809,3
4810,6
4811,6
4812,1
4813,0
4814,2
4815,0
4816,2
4817,2
4818,2
4819,2
4820,2
4821,5
4822,0
4823,0
4824,1
4825,3
4826,8
4827,3
4828,5
4829,0
4830,1
4831,5
4832,0
4833,0
4834,0
4835,0
4836,2
4837,0
4838,0
4839,0
4840,0
4841,0
4842,2
4843,2
4844,2
4845,2
4846,5
4847,8
4848,0
4849,2
4850,2
4851,0
4852,5
4853,2
4854,1
4855,2
4856,0
4857,1
4858,0
4859,3
4860,0
4861,1
4862,1
4863,0
4864,0
4865,0
4866,0
4867,0
4868,5
4869,0
4870,0
4871,0
4872,2
4873,2
4874,6
4875,2
4876,6
4877,9
4878,6
4879,6
4880,9
4881,2
4882,0
4883,1
4884,1
4885,0
4886,5
4887,5
4888,0
4889,0
4890,5
4891,5
4892,5
4893,1
4894,1
4895,1
4896,5
4897,5
4898,5
4899,2
4900,0
4901,1
4902,1
4903,0
4904,5
4905,0
4906,5
4907,1
4908,2
4909,5
4910,5
4911,7
4912,5
4913,5
4914,3
4915,5
4916,5
4917,5
4918,5
4919,0
4920,0
4921,1
4922,1
4923,1
4924,6
4925,5
4926,1
4927,1
4928,5
4929,1
4930,5
4931,0
4932,1
4933,5
4934,0
4935,14
4936,2
4937,1
4938,4
4939,3
4940,0
4941,4
4942,1
4943,1
4944,1
4945,6
4946,1
4947,1
4948,1
4949,0
4950,1
4951,6
4952,0
4953,11
4954,11
4955,11
4956,1
4957,6
4958,0
4959,3
4960,2
4961,7
4962,3
4963,1
4964,3
4965,3
4966,1
4967,0
4968,7
4969,6
4970,2
4971,0
4972,3
4973,0
4974,17
4975,8
4976,2
4977,7
4978,2
4979,0
4980,2
4981,0
4982,2
4983,2
4984,0
4985,2
4986,7
4987,5
4988,2
4989,1
4990,0
4991,4
4992,0
4993,1
4994,0
4995,1
4996,1
4997,0
4998,0
4999,4
5000,0
5001,0
5002,0
5003,0
5004,1
5005,0
5006,4
5007,4
5008,1
5009,2
5010,0
5011,2
5012,0
5013,3
5014,2
5015,7
5016,0
5017,0
5018,0
5019,7
5020,2
5021,0
5022,2
5023,0
5024,2
5025,0
5026,0
5027,0
5028,0
5029,2
5030,0
5031,2
5032,0
5033,0
5034,0
5035,1
5036,0
5037,0
5038,0
5039,0
5040,2
5041,2
5042,2
5043,0
5044,0
5045,6
5046,2
5047,6
5048,2
5049,1
5050,2
5051,8
5052,2
5053,2
5054,2
5055,2
5056,1
5057,1
5058,3
5059,3
5060,3
5061,1
5062,5
5063,2
5064,0
5065,0
5066,1
5067,0
5068,1
5069,0
5070,3
5071,8
5072,6
5073,2
5074,5
5075,13
5076,2
5077,0
5078,1
5079,3
5080,7
5081,0
5082,16
5083,1
5084,2
5085,7
5086,7
5087,1
5088,1
5089,0
5090,5
5091,0
5092,7
5093,3
5094,7
5095,7
5096,7
5097,0
5098,1
5099,7
5100,5
5101,5
5102,5
5103,0
5104,5
5105,3
5106,3
5107,2
5108,3
5109,1
5110,3
5111,6
5112,3
5113,3
5114,3
5115,3
5116,1
5117,1
5118,1
5119,9
5120,2
5121,2
5122,2
5123,0
5124,3
5125,3
5126,2
5127,3
5128,2
5129,2
5130,2
5131,0
5132,2
5133,2
5134,2
5135,3
5136,2
5137,3
5138,2
5139,3
5140,2
5141,2
5142,2
5143,3
5144,2
5145,2
5146,2
5147,0
5148,2
5149,0
5150,2
5151,0
5152,2
5153,1
5154,0
5155,1
5156,0
5157,3
5158,0
5159,0
5160,0
5161,9
5162,6
5163,0
5164,0
5165,0
5166,0
5167,0
5168,0
5169,0
5170,3
5171,1
5172,0
5173,0
5174,0
5175,1
5176,6
5177,6
5178,6
5179,6
5180,6
5181,6
5182,3
5183,2
5184,0
5185,2
5186,10
5187,6
5188,6
5189,6
5190,6
5191,14
5192,1
5193,3
5194,2
5195,2
5196,5
5197,0
5198,0
5199,4
5200,5
5201,0
5202,0
5203,1
5204,6
5205,0
5206,3
5207,0
5208,0
5209,0
5210,1
5211,2
5212,0
5213,0
5214,0
5215,0
5216,9
5217,13
5218,7
5219,0
5220,3
5221,0
5222,2
5223,0
5224,1
5225,0
5226,6
5227,6
5228,0
5229,0
5230,0
5231,2
5232,2
5233,2
5234,14
5235,0
5236,3
5237,7
5238,1
5239,13
5240,1
5241,6
5242,6
5243,1
5244,1
5245,1
5246,0
5247,0
5248,0
5249,0
5250,1
5251,2
5252,2
5253,1
5254,2
5255,14
5256,2
5257,3
5258,7
5259,2
5260,2
5261,3
5262,2
5263,7
5264,7
5265,2
5266,2
5267,2
5268,0
5269,0
5270,0
5271,0
5272,0
5273,0
5274,1
5275,1
5276,1
5277,1
5278,2
5279,2
5280,3
5281,2
5282,5
5283,8
5284,8
5285,1
5286,2
5287,1
5288,2
5289,2
5290,0
5291,1
5292,2
5293,0
5294,2
5295,0
5296,2
5297,1
5298,2
5299,0
5300,2
5301,0
5302,2
5303,6
5304,2
5305,8
5306,2
5307,2
5308,2
5309,0
5310,2
5311,1
5312,2
5313,0
5314,2
5315,2
5316,0
5317,4
5318,0
5319,1
5320,0
5321,1
5322,1
5323,1
5324,0
5325,1
5326,0
5327,1
5328,1
5329,3
5330,1
5331,1
5332,3
5333,3
5334,1
5335,7
5336,2
5337,1
5338,0
5339,2
5340,2
5341,0
5342,8
5343,8
5344,0
5345,3
5346,2
5347,1
5348,2
5349,1
5350,1
5351,2
5352,2
5353,0
5354,0
5355,0
5356,3
5357,2
5358,0
5359,1
5360,1
5361,4
5362,2
5363,2
5364,2
5365,2
5366,2
5367,2
5368,2
5369,2
5370,2
5371,2
5372,2
5373,2
5374,7
5375,2
5376,2
5377,1
5378,0
5379,0
5380,7
5381,5
5382,5
5383,2
5384,1
5385,2
5386,6
5387,2
5388,2
5389,8
5390,0
5391,1
5392,1
5393,0
5394,1
5395,1
5396,1
5397,1
5398,0
5399,1
5400,0
5401,1
5402,0
5403,1
5404,0
5405,1
5406,1
5407,4
5408,1
5409,1
5410,1
5411,0
5412,1
5413,9
5414,1
5415,1
5416,1
5417,1
5418,1
5419,6
5420,0
5421,0
5422,1
5423,9
5424,0
5425,1
5426,1
5427,0
5428,1
5429,1
5430,0
5431,0
5432,0
5433,0
5434,0
5435,1
5436,1
5437,1
5438,1
5439,1
5440,1
5441,0
5442,0
5443,0
5444,1
5445,0
5446,0
5447,0
5448,1
5449,1
5450,1
5451,0
5452,1
5453,1
5454,1
5455,0
5456,1
5457,9
5458,1
5459,0
5460,0
5461,0
5462,1
5463,1
5464,6
5465,1
5466,0
5467,0
5468,0
5469,1
5470,1
5471,0
5472,1
5473,1
5474,0
5475,1
5476,1
5477,1
5478,0
5479,1
5480,0
5481,0
5482,0
5483,0
5484,0
5485,6
5486,0
5487,1
5488,1
5489,0
5490,0
5491,0
5492,2
5493,1
5494,0
5495,0
5496,4
5497,8
5498,0
5499,1
5500,1
5501,0
5502,0
5503,1
5504,0
5505,0
5506,1
5507,0
5508,0
5509,1
5510,4
5511,2
5512,0
5513,1
5514,1
5515,1
5516,1
5517,1
5518,0
5519,1
5520,1
5521,1
5522,0
5523,1
5524,1
5525,4
5526,3
5527,1
5528,1
5529,0
5530,4
5531,3
5532,1
5533,1
5534,0
5535,8
5536,8
5537,2
5538,2
5539,2
5540,4
5541,2
5542,1
5543,4
5544,4
5545,0
5546,1
5547,10
5548,2
5549,2
5550,5
5551,0
5552,4
5553,1
5554,6
5555,0
5556,4
5557,3
5558,1
5559,1
5560,0
5561,2
5562,6
5563,2
5564,2
5565,2
5566,2
5567,2
5568,4
5569,12
5570,4
5571,2
5572,2
5573,2
5574,2
5575,0
5576,8
5577,2
5578,2
5579,4
5580,0
5581,2
5582,3
5583,2
5584,3
5585,1
5586,2
5587,0
5588,6
5589,2
5590,0
5591,0
5592,6
5593,6
5594,6
5595,2
5596,6
5597,6
5598,2
5599,6
5600,2
5601,2
5602,1
5603,6
5604,4
5605,2
5606,0
5607,1
5608,4
5609,6
5610,2
5611,2
5612,0
5613,1
5614,6
5615,1
5616,6
5617,7
5618,6
5619,0
5620,7
5621,7
5622,1
5623,6
5624,0
5625,0
5626,2
5627,2
5628,6
5629,2
5630,0
5631,6
5632,1
5633,6
5634,1
5635,0
5636,2
5637,1
5638,2
5639,0
5640,6
5641,0
5642,6
5643,9
5644,2
5645,2
5646,2
5647,0
5648,6
5649,2
5650,6
5651,2
5652,6
5653,2
5654,6
5655,2
5656,2
5657,9
5658,2
5659,9
