id
1
3
6
47
50
101
110
151
157
163
216
231
235
260
333
349
356
362
367
441
457
480
527
543
552
553
590
592
593
596
608
661
733
804
919
923
940
943
954
1023
1024
1025
1029
1031
1032
1042
1049
1060
1073
1080
1089
1090
1092
1097
1127
1136
1196
1197
1198
1206
1208
1210
1213
1214
1220
1222
1224
1226
1240
1256
1265
1270
1275
1278
1282
1291
1298
1348
1473
1500
1517
1552
1573
1587
1617
1620
1625
1732
1777
1793
1804
1805
1920
1927
1954
1967
2000
2005
2012
2018
2028
2033
2046
2048
2054
2058
2078
2090
2094
2096
2099
2105
2115
2116
2137
2139
2141
2143
2161
2174
2193
2268
2273
2291
2329
2353
2366
2387
2395
2406
2427
2450
2459
2470
2478
2492
2502
2529
2542
2571
2580
2596
2616
2628
2640
2641
2644
2648
2654
2692
2700
2716
2761
2797
2826
2858
2872
2899
2916
2944
2947
2948
2949
2959
2985
2987
2991
2993
2997
3033
3034
3052
3053
3062
3147
3168
3253
3273
3386
3439
3440
3441
3448
3450
3479
3489
3527
3578
3617
3639
3671
3702
3703
3729
3740
3744
3793
3809
4006
5060
1704
6874
46970
48516
58559
60756
68157
74458
79132
80489
80906
86345
89774
106782
112552
122882
131724
849
2288
2851
3024
4518
5181
5746
5764
5919
6835
7899
7991
26409
70946
21
34
36
58
232
247
261
290
296
474
475
531
588
594
595
150
165
466
648
750
780
924
1101
1219
1584
1610
1917
2019
2671
2762
3114
3408
3869
3916
4018
4306
4370
4886
4896
4963
4993
4995
5445
5618
5816
5952
5989
5991
6333
6365
6539
6863
7143
7153
7445
8207
8528
8636
8798
8908
8949
8957
8961
8984
34319
42002
45499
45517
48783
49272
2
11
185
186
253
318
357
364
377
380
454
223
922
1095
1674
2300
5218
5447
5451
5481
5890
5893
5902
5956
5965
6001
170
292
511
529
589
736
1358
1408
1518
1586
1597
1604
1608
1693
1721
1784
1840
1918
1923
1590
1639
3300
3624
3753
3798
3827
3863
3897
3996
4011
4148
858
1200
1653
2001
2011
2150
3156
3499
3510
3555
3949
4720
33493
48304
48780
64614
69757
71057
84152
84954
97938
101864
104841
105504
109487
111759
112556
122886
134130
134853
152077
166528
111
293
319
541
678
745
913
1147
1148
1193
1199
1203
1207
1223
1230
1247
1252
1260
1261
1267
1276
1299
3000
3108
3683
3741
4226
4973
5782
5971
27611
27773
48394
60069
68954
78499
91529
16
32
180
288
329
337
431
508
555
778
904
908
1036
1086
1201
1209
1212
1221
1227
1234
1245
1246
1356
1371
1374
1466
1729
1892
1961
2324
2409
2420
2951
3081
3275
3462
3681
3896
4007
4239
4262
4327
4383
5008
5120
5349
5418
5464
5608
5679
5995
6300
6377
6440
6787
6807
6870
7147
7254
7361
7843
8117
8665
8950
8958
27716
27878
30793
30812
33794
36529
37729
37733
37741
38038
38061
40819
44191
44199
44555
44665
45722
47491
51357
51540
52604
54286
55118
55276
55290
55765
56757
57669
58299
59315
59784
64197
65596
66934
67255
68073
68159
68319
69640
71108
71899
72998
73017
73323
74510
74948
76251
77561
79702
81788
84392
85354
86628
87232
88140
89745
90600
91500
91542
96432
96488
96655
98124
98809
99114
99813
102445
102903
103772
106487
106839
109374
111362
112334
112421
112852
114066
115713
116797
117176
119145
122900
122918
122924
140289
141688
142488
144210
148626
150548
155168
157108
157110
158238
161582
166635
168252
171023
177593
180777
185135
353
551
674
720
724
783
818
837
852
903
910
931
933
1079
1269
1285
1297
1372
1376
1527
1566
1658
2037
2041
2081
2140
2186
2253
2359
2371
2396
2423
2491
2606
2723
2763
2918
2936
2968
3035
3056
3070
3175
3213
3358
3396
3421
3471
3477
3745
3754
13
48
239
262
899
914
1012
1013
1022
1028
1035
1088
1380
1489
1688
1907
1947
2080
2083
2085
2087
2089
2135
2355
2394
2657
2687
2709
2746
2804
2857
2941
3159
3397
3398
3410
3438
3549
3751
3755
3852
3967
4014
4016
4019
4027
4029
4039
4154
4246
4310
4700
4979
4990
5013
5014
5015
5103
5299
5364
5378
5388
5693
5785
6143
6170
6297
6345
10
355
370
597
743
1544
1580
1722
2376
2424
2541
2706
2717
2989
2990
3022
3082
3623
3633
3635
3638
3868
3984
4005
4489
4545
4638
4718
5459
5574
5872
6934
6942
7569
7570
7573
8360
8368
8529
8644
8972
33004
33615
33679
40815
47566
47997
53121
53125
53322
58998
59615
69644
69844
78637
79185
82202
85259
88125
91630
94677
94777
95170
96079
102481
103141
103335
103384
104211
105653
106696
107141
110130
111617
111781
115617
117529
122896
122922
135887
136020
143385
152081
164179
167036
29
272
334
741
1175
1232
1233
1237
1258
1266
1274
1284
1464
1711
2467
2579
2686
2726
3265
4235
5333
6773
7099
7123
7587
8012
8228
8370
1396
4855
5064
5673
5791
6350
35836
46976
51662
64957
68358
70286
72011
86882
132660
122912
122916
176371
180095
187541
187593
62
316
808
902
911
920
969
986
1015
1021
1083
1250
1262
1287
1876
2100
2151
2407
2565
3037
3104
3350
3451
3508
3654
3836
345
507
1249
1921
1953
2021
2278
2358
2490
3100
3250
3272
3328
3360
3535
3783
4223
4878
5010
5152
6537
6617
6867
7438
7458
7481
7706
7841
7842
8010
8132
8378
8633
26614
26649
30707
30749
33660
34405
41863
43396
44195
48385
49265
49530
53123
55820
56174
57640
59018
59369
60389
60684
60943
61167
63082
64716
68791
93510
95510
96821
97913
108932
116823
122904
7
141
339
605
784
912
1057
1302
1353
1361
1363
1391
25
26
74
78
100
194
203
224
246
265
282
314
361
440
497
538
539
627
708
761
802
1061
1084
1103
1104
1393
1409
1429
1458
1459
17
28
39
94
307
308
385
428
446
448
452
509
562
613
715
800
838
866
994
1056
1059
1188
1280
1357
1446
1537
1542
1545
1633
1641
1673
1678
1682
1719
1801
1885
1888
2310
2333
2357
2539
2690
2875
2943
2006
2443
2617
3717
3977
4367
4446
4447
4643
6378
6387
6618
6711
6721
6857
7090
7451
26606
27193
27801
44974
60
222
236
252
300
342
3347
3363
5312
344
671
161
168
350
368
376
610
1027
1215
1248
1387
1394
1968
1994
2118
2342
2391
2599
2912
3019
3362
3481
3911
31
46
82
107
121
158
172
173
205
218
230
266
281
306
317
327
351
371
491
514
609
685
1225
1259
2160
2712
3160
3285
3948
3968
4022
4816
4848
5377
6016
6287
6373
6763
7149
7173
7293
8981
33166
34162
41285
46578
46723
50872
54272
55247
55280
61240
66097
71033
86781
87869
88163
89759
92259
96829
97921
104879
106918
111921
115569
116897
118900
128360
139385
22
86
104
144
225
227
234
276
381
383
408
433
434
436
442
468
540
548
550
788
805
1093
1100
1124
1191
1231
1307
1373
1378
1379
1457
1476
1479
1485
1488
1614
1645
1663
1672
1835
1894
2023
2110
2146
2194
2263
2297
2302
2311
2335
2352
2372
2497
2505
2568
2598
2605
2683
2694
2702
2707
2735
2771
2791
2795
2796
2805
2861
2871
2890
2906
2915
3098
3120
3142
3173
3176
3186
3210
3252
3256
3257
3259
3263
3264
3298
3301
3361
3387
3502
3515
3552
3752
3841
3946
4002
4008
4034
4041
4062
4084
4085
4102
4280
4293
4321
4322
4349
4351
4359
4396
4482
4487
4509
4516
4541
4564
4577
4621
4623
4679
5
8
23
57
79
95
102
153
174
193
208
217
238
256
259
271
277
325
343
374
382
410
419
420
432
435
484
500
502
519
520
532
542
575
587
616
631
711
810
828
1064
1105
18
112
494
663
737
889
1120
1405
19
70
88
765
785
832
1033
1037
1242
1370
1375
1407
1431
1442
1569
1591
1676
1753
1866
1909
2064
2106
2124
2195
2231
2431
2485
2501
2504
2528
2710
2731
2841
3177
3196
3254
3534
3536
3565
3972
4033
4299
4308
4369
4734
4901
4958
4974
5151
5283
5500
5502
5528
5630
7294
33145
51080
53993
53996
160
653
1320
1690
5882
5903
8371
47099
79091
122920
1204
1251
2732
3415
3730
4914
4928
7327
7396
7700
7748
8928
26258
26326
27156
92475
76
177
505
719
781
829
953
965
1186
1235
1243
1244
1257
1272
1301
1304
1350
1665
1748
1834
1845
1873
1997
1999
2015
2148
2159
2167
2169
2183
2248
2249
2282
2301
2321
2322
2374
2375
2454
2455
2554
2613
2615
2664
2788
2836
2901
2978
3107
3115
3148
3219
3388
3430
3501
3763
3814
3917
3918
3959
3969
3994
4238
4255
4267
4437
4464
4713
4865
4971
4992
5505
5568
6323
6502
6659
6708
6873
7000
7160
7983
8464
8533
8784
8874
34338
39183
39414
42723
48774
48877
52973
54001
56367
60074
60487
5669
31696
39444
40583
47200
47610
48738
49651
50794
51255
52245
52281
52328
54503
54736
54995
54997
54999
57368
61132
62374
63113
64620
69122
69481
71535
76093
81847
86892
93721
95167
96811
110501
112138
112175
134368
249
413
481
748
880
916
1125
1441
1982
69
315
493
786
162
171
515
861
897
915
942
951
955
1047
1183
1254
1283
1288
1513
1643
1670
1747
1939
2009
2067
2102
2109
2202
2390
2403
2759
2770
2917
2921
2922
2935
3020
3030
3032
3044
3045
3066
3105
3334
3429
3435
3446
3466
3494
3500
3507
3628
3632
3643
3769
3811
280
477
2739
3424
6796
27831
586
8641
8914
27660
27706
27808
32587
33162
41566
41569
46972
49130
50804
52722
55908
56587
58803
59501
61024
63072
64969
67734
68554
68848
71106
74789
79357
80693
81834
81845
83369
85414
86332
86880
86911
89492
89864
91658
96610
99149
102123
103341
104374
104863
106489
107348
107406
108729
110102
111360
112804
113741
114662
114678
114935
115149
115210
115680
118696
122892
122898
122926
135143
135536
136864
140110
142222
158966
161131
162606
166534
168248
168250
171763
172591
173925
174053
175303
176601
182715
183611
185031
187595
1202
1965
3088
4344
6104
7132
7980
8917
27904
31658
33779
45728
53972
64285
67997
77455
77800
81229
86290
89753
89904
92494
92535
95858
98491
102217
104069
97752
523
535
628
799
1094
1216
1217
1346
1449
1541
1769
1912
1952
1956
2020
2257
2261
2312
2401
2421
2463
2956
2966
3039
3063
3072
3074
3101
3198
3201
3262
3271
3444
3526
3686
3698
4079
4128
4149
4158
4203
4465
4499
4537
4572
4581
4585
4611
4787
5023
5265
5548
5617
5644
5747
5957
6636
6754
6786
6832
6936
6947
6979
7015
7018
7027
7046
7048
7069
7373
7482
7493
7647
7766
8024
8158
8493
5628
8604
8605
207
932
1644
1792
1799
1831
2125
2133
2144
2572
2688
3005
3077
3255
3270
3675
3785
3791
3882
4025
4069
4776
4890
5219
5313
5419
5444
5582
5810
6155
6188
6595
6939
6944
7256
7325
7346
7360
7566
8807
8866
8873
8968
8970
26712
30825
31685
32598
34153
34542
39381
40629
41724
42718
44709
44788
45431
45720
45928
46530
47970
47999
48696
49286
49961
50658
50685
52458
52767
53000
53129
54259
54881
55112
55253
55282
55830
56251
56949
58293
59126
62434
62956
63131
64839
65188
67618
68659
68952
69069
69394
69524
69784
70183
70293
70521
71282
72489
72641
74668
74946
78703
80549
80860
81564
81784
81910
81932
83134
83803
84772
86377
88744
88810
90576
93287
95875
103042
2476
4020
4448
4874
4880
1172
1253
1293
1300
1303
1914
1959
1962
3152
3359
3468
3543
91077
2634
33495
44193
45221
47122
50601
55768
58047
59258
61250
61323
71518
79592
80463
81562
81591
86833
103249
106072
117590
117881
127202
138204
926
949
1041
1185
1263
1635
1889
1960
2010
2076
2360
2594
2908
3006
3083
3089
3246
3307
3735
4103
4211
4546
5300
5304
5341
5434
5632
5812
5867
6235
6244
6270
6301
6305
6552
6591
6666
6791
6852
6993
7087
7234
7323
7889
8154
8804
8838
8951
26350
26578
31522
39292
41997
44937
47423
47629
48698
49772
50274
52952
52967
55069
55363
55444
56782
57147
58103
928
6303
7001
36519
164
1189
1192
1218
3197
3266
3425
3576
2232
2513
4887
6059
6952
7154
8361
8810
8861
34048
42738
45186
49278
51935
60030
65682
71135
78266
78349
80363
80831
82041
84189
84601
85397
86190
89470
90405
91535
91974
93297
93840
94864
96691
96917
98361
98961
100383
100810
102125
103075
103688
145
2701
4015
4153
4388
4701
4989
5220
5414
5449
5803
5900
6014
6156
6536
6541
6548
6564
6687
6764
6887
14
45
52
55
113
140
147
195
214
237
299
321
324
348
354
369
412
524
534
647
722
830
898
900
948
1081
1096
1131
1132
1177
1228
1271
1292
1295
1296
1343
1414
53
1140
1596
1694
1730
1077
3504
3910
945
3157
3315
3991
4300
5048
5092
5480
5529
5621
6402
6550
6604
6686
7381
8238
8372
25887
26183
26265
26429
26645
27619
27826
31925
32031
33090
33830
34312
34332
35807
37444
40339
40962
41828
42761
44777
44851
46105
47725
47736
48649
48982
49274
50613
50999
51167
53280
53355
53578
58291
60289
60737
65230
66943
67888
68793
69211
69304
69469
69720
71264
72178
72692
72701
73042
73822
74342
74683
76143
76301
77688
78142
78469
78620
79684
79897
80727
81087
83969
84246
84512
84944
85295
85780
85881
86059
87834
88069
88746
90717
91355
91386
91666
92643
93006
93022
94503
94661
95543
95633
95843
96608
96935
97225
98279
99853
102378
102984
103602
104875
105540
105746
106594
107951
108078
109241
109596
111146
113252
116817
117109
118270
118530
118572
118834
118862
118894
119155
120813
121007
121097
121338
121469
121781
122092
124273
124404
126088
126577
126921
128087
128089
128366
128594
128852
128968
129354
130452
130518
131098
131104
131130
131610
132153
132422
132496
132800
133867
133879
134004
134334
134847
135777
136341
136353
136355
136359
136503
136834
139157
139640
139994
140133
140481
140541
140561
141513
141928
142196
142444
142550
142831
143031
143559
146244
146684
146986
147410
147936
148632
148775
149350
149406
149508
149566
150554
153408
156025
156781
157296
157775
158398
158882
159069
163527
164200
164226
164707
167380
167854
170837
170993
171811
176805
177185
181065
182293
182297
182299
182731
184791
85
116
581
617
735
766
791
892
984
1034
1046
1116
1137
1144
1366
1411
1416
41
464
485
533
606
1129
1241
1321
1337
1347
1385
1771
1974
2117
2122
2138
2298
2867
3013
3017
3018
3153
3182
3267
3550
3708
3727
3837
3840
4105
4304
4386
4626
4645
4678
4850
5165
5479
5650
6242
6283
6629
6731
6755
6820
6963
7028
7387
7492
7802
8147
8157
8426
8501
8581
27317
1619
2398
54190
15
258
558
836
1359
1377
1499
1562
1606
1615
1779
2103
2822
176
1011
1529
1659
2952
3071
3418
4068
4126
4378
4954
4975
5027
5072
5246
5247
5619
5792
6051
6218
6288
6893
1942
2289
2294
3060
3981
4161
4270
5109
52975
55267
56152
56775
56801
60040
60126
177765
122
257
416
89
537
934
1091
1277
1290
1680
1958
2245
2262
2496
3244
3261
3274
3512
5380
5620
6183
6785
233
2318
2560
2600
3174
3203
492
1179
1588
1884
1945
2088
2384
2410
2411
2953
3087
3668
4677
4873
4881
6565
6957
8376
34437
59022
62553
69140
70728
72226
80572
81156
81819
90522
90866
90890
91126
96728
105844
116799
134881
140715
105
471
901
1772
2581
2724
4476
4663
4741
6060
6238
6367
6579
6593
7034
7050
7155
7297
45175
52287
55052
56171
60397
80584
94150
94833
114180
99636
175
346
909
1279
1281
3629
7096
8014
26171
1020
1702
1856
1895
2447
2718
4649
4900
5110
5874
6003
7225
33646
36401
37384
40581
44004
45447
47640
48322
48520
49396
54004
55245
59143
60072
61255
62439
63479
65088
69436
70565
71668
72167
74154
74532
76077
78209
79134
80139
85022
85367
87529
87867
91323
93443
94478
94953
95720
96588
96616
98083
100194
100390
100507
103810
104218
104925
110669
110771
111113
113453
118888
118930
119141
119153
121372
121374
123200
126548
127116
127152
127390
128097
128099
128520
128914
130520
131013
131826
135137
136598
142422
144606
148956
149352
149354
151739
155509
155812
157699
159093
159161
159441
160271
160289
160567
161024
161580
162344
162478
162602
165103
165483
165671
165843
165947
166461
166492
167018
167634
168144
168326
168418
168632
168846
170357
170399
170813
170817
171251
171867
172547
174045
176101
176329
179427
180265
183959
184257
1014
1286
1339
1564
1600
1683
1733
1897
1944
1955
2108
2132
2184
2331
2475
2583
2749
2764
2969
3099
3251
3296
3476
3498
3537
3546
3551
3706
3831
4063
4083
141718
196
487
1717
2325
2792
3146
73
1810
3452
4387
31410
40278
46337
66511
73321
82459
85020
89087
95105
95441
96861
99112
101142
103984
104913
106491
106920
108689
109846
110718
110730
112868
114795
117533
117887
120635
127184
130578
131023
131714
135532
138036
138210
139642
141004
162350
165551
1367
714
1345
2003
3409
4343
4641
7022
30810
48043
52319
53519
53953
55269
57528
59387
67087
68237
70599
81537
86347
87306
94959
95088
96737
97306
103228
103253
112515
115122
120466
121231
134170
144976
69306
81782
97923
143458
3556
501
1726
1844
2843
3342
4082
4738
5088
6902
7008
7265
7371
8254
9010
26680
27022
27482
27788
32460
33201
42632
45440
50842
55278
58301
60950
62336
63276
65130
65514
65642
67695
71304
71429
71520
75985
84952
86721
88129
91470
91690
91947
92420
92694
93855
95690
95761
98607
99007
99117
99437
100083
100882
101112
105213
107630
108727
110330
110882
111743
112183
112623
127096
127198
128620
131920
134393
141408
141544
142456
142509
149144
149146
149830
151455
151695
152083
152091
152970
156371
158783
158872
159415
161966
163134
163645
164909
167746
168266
36517
905
935
1066
93
188
267
274
340
637
1949
2330
2940
3679
3742
4427
5177
5385
6650
7171
26084
1019
2924
59103
673
5066
6332
6619
7169
7444
8827
31433
59421
103606
6953
27416
2699
30816
98243
160718
7156
85774
86504
5992
36535
56715
105355
106100
112290
140174
168492
106002
1883
1911
2879
3286
3354
3615
154
417
425
764
848
869
930
936
947
999
1238
1289
1354
1684
1836
1966
2130
2131
2239
2349
2369
2511
2734
2779
3096
3134
3200
3224
3317
3341
3467
3473
3492
3503
3506
3873
5577
5637
5712
5788
6296
6299
6460
6509
6684
7063
7089
7137
7285
8128
26313
31038
2428
27674
55391
66320
97304
166643
198
718
839
1483
1627
1713
1734
2002
2313
2314
2769
2840
3355
3357
3593
3616
3697
3704
3858
4021
4055
4381
4450
4735
4571
4980
5643
7247
3404
4440
5466
2413
5146
1950
3788
4406
5291
6662
7333
7934
26078
26131
33564
918
1487
2017
2084
2942
3247
3287
3594
3988
4054
4193
4373
4639
4728
4799
4823
4857
4936
4951
4994
5222
5267
5400
5415
5472
5873
5941
5943
5945
6266
6331
6339
6568
6586
6765
7060
7080
7317
7318
7375
7614
8008
8783
906
946
971
1333
1929
1931
1936
1938
2227
2316
3801
3844
4366
4920
5387
6412
6429
6856
7078
7121
7366
7380
8600
8695
8718
25771
25906
35957
43560
45950
47518
49389
55872
56339
56788
56941
58154
58347
61406
62293
63062
63876
64983
65261
67267
71970
72733
72737
73015
73023
77846
79139
86487
88405
93008
98154
108190
110553
2803
4967
5225
6380
33903
61
490
97
215
372
482
522
600
760
1173
1273
1365
1432
1447
1480
1611
1687
1695
1754
1785
1916
1941
1963
2022
2295
2320
2336
2474
2551
2563
2607
2672
2691
2696
2728
2730
2782
2863
2971
2976
3003
3078
3117
3150
3158
3185
3323
3474
3521
3747
3761
3812
3888
3915
3925
3950
3992
4017
4032
4037
4047
4146
4152
4157
4160
4178
4225
4307
4350
4361
4389
4407
4439
4628
4642
4681
4811
4826
4849
4888
4941
4978
5016
5026
5062
5083
5095
5107
5131
5155
5298
5379
5421
5423
5425
5498
5646
5668
5690
5772
5818
5881
5954
6041
6067
6187
6192
6217
6285
6335
6341
6551
6571
6572
6588
6620
6645
6679
6774
6881
6890
6969
6971
7038
7076
7264
7299
7352
8042
8973
57183
74754
109578
122906
127212
136562
148978
157369
159817
162968
164917
165639
166291
168090
168218
170907
171011
172705
173235
174055
174479
177939
178827
180297
180497
181413
189333
191005
193571
193573
193581
1767
390
968
1809
1827
2557
2810
3091
3627
4640
4785
4902
5244
5570
5909
6062
6214
6368
6975
7044
7844
7976
7981
8491
8582
8607
25788
25825
26082
26122
26662
26776
26840
27397
27592
27741
27846
27850
27879
27912
31364
32387
33138
33421
33896
37240
39427
39869
46572
49932
1264
1951
2206
2243
2436
2967
3061
3097
3469
72
99
148
155
213
229
283
347
496
668
26116
55442
1392
2155
3983
4067
4452
1755
2025
24
1735
2065
2744
3436
3746
3894
4023
4121
5607
1178
1211
2171
2670
2819
2973
3129
5292
7158
45210
2145
2340
3004
6383
31878
34072
44761
63433
2136
5949
8974
27368
54372
59604
71462
179817
5944
7454
7649
7810
7811
7812
40697
51562
56915
62834
62836
62999
90647
100611
106642
113378
117192
117646
128842
130444
140359
146662
147372
147374
147376
147378
147380
147382
147384
150596
159779
166203
179511
179819
180031
83132
87192
87234
92439
93838
102993
143355
156387
162578
168366
170697
174909
179401
180985
182823
183897
188751
2402
4132
5507
6058
86142
87520
89582
1268
4616
55814
60766
125
921
927
1171
1948
2208
2946
3422
3685
3893
3963
517
1017
1812
2072
2414
2524
2870
3548
3557
2082
2905
37830
41716
46850
46965
53894
55020
58295
64575
66297
303
8910
58025
62344
456
950
2176
2469
3068
3090
3095
3529
4338
4467
4605
6306
6461
6538
6639
6663
6724
6987
7013
7056
7072
7215
7216
7698
7728
8044
8623
8638
8645
9018
25773
25841
26375
27721
27768
27776
27820
27834
27882
31437
31610
31702
32022
32770
33154
26732
66744
81831
289
3496
1970
1975
2327
2633
38304
55721
58303
62644
85342
2013
2722
3113
3189
3980
5108
6157
6213
6879
7263
7347
8622
39446
40414
40826
49910
51931
59985
61352
62155
64034
64622
65216
66203
68135
71464
71530
71838
79293
81512
170705
42
688
917
1030
2050
2052
2354
2373
2720
3483
3672
3699
3990
4232
4519
2806
2361
3528
3682
4254
4329
4498
4803
4917
4945
4946
4947
4957
2881
44
135
204
248
255
273
328
338
366
516
5878
5970
27803
44694
81786
86320
100714
445
547
1957
2919
3214
123
757
2585
3079
4144
4956
5279
7486
7669
8865
8983
27266
27320
48082
52885
61026
66371
68486
69951
74508
80615
80969
82461
83613
85736
87222
90888
94015
151763
4470
5266
5463
6281
7007
8340
36708
37731
45672
50068
59900
62849
67923
79008
79695
88235
89047
90057
90430
90531
90746
91094
91485
91622
91976
93512
93831
95309
95558
96411
96417
98585
99728
101525
103539
103624
103980
104241
106916
107953
108949
110350
111622
114074
122890
135133
135569
137857
159755
168254
169984
175569
184253
185029
4921
6983
8880
142115
4217
6385
6985
26366
26524
44633
58309
5319
44929
1194
1739
2907
453
3825
4155
4167
5171
44022
121171
132046
140725
146024
2859
3181
3822
4529
4711
6027
6370
6709
7564
7815
8011
1111
3155
5135
8366
8535
2527
3986
1964
2178
2344
2351
2925
5508
330
1461
2004
2060
2328
2587
2846
3511
3608
3676
3696
3843
3857
4553
4683
5047
5080
5833
6707
6868
7222
7235
7236
7439
7646
7930
8225
8241
8836
26492
26736
26778
30745
31420
31909
34323
40723
43921
44397
44828
51091
53127
56145
60161
60291
69275
80219
373
556
1123
1187
1406
1533
1571
1594
1875
2069
2073
2212
2240
2247
2323
2518
2575
2624
2752
2824
2937
3038
3046
3163
3260
3302
3384
3591
3914
4061
4116
4291
4334
4345
4809
4903
5049
5187
5241
5339
5603
5723
5745
5938
6122
6254
12
728
27
2432
8341
8937
8969
33672
41573
50442
50912
51705
60293
63992
71619
72407
78772
86817
91079
91104
2378
2379
2471
4326
49822
585
187
2111
2418
2517
2852
3614
4043
4459
4815
4976
5025
6753
7150
8879
30822
31923
40959
42418
42732
45028
7025
26704
326
341
599
938
1050
1344
2066
2494
2660
2682
2932
2988
3007
3011
3217
3559
3634
3713
3728
3738
3849
952
2533
3086
3269
3505
3871
4830
5504
6808
62081
63859
68597
82169
87522
1135
1855
2149
2350
2458
2736
3040
3041
3178
3235
3385
3525
160848
169034
8261
707
81
640
944
1616
1686
2393
2433
2549
2567
1979
2986
5254
6818
7163
8640
8985
26249
37380
37727
44972
46322
51412
56156
62250
64499
64501
65982
67788
68205
70159
71156
71254
72378
72720
74324
74624
74795
79251
79553
80590
86644
87485
89840
90249
91842
92507
93270
93805
94018
103339
103883
105197
105585
112818
112897
113573
118706
131796
135861
140627
140956
143969
145418
148671
158027
160565
163985
5784
45668
69406
103372
115664
133419
136016
159858
160080
175199
1126
2926
4477
5139
5294
5427
26133
27555
37857
41571
52241
52435
52867
53550
54256
54281
55272
58162
65738
65740
67408
973
1946
3171
4432
5398
6452
6777
7218
7303
7943
1468
2457
3330
5899
6410
7184
680
1130
1342
2203
2550
4036
4117
4754
5446
5478
332
1603
2034
2275
2287
2377
2530
2553
3701
3771
4180
4210
4915
5039
5040
5540
5544
536
74545
82667
90439
110387
133115
159
1419
2495
3283
3412
3569
3653
3819
3845
3943
4256
4612
4708
5475
5838
6025
6241
7071
7206
7209
7238
7459
7932
8190
8484
8724
8748
8966
26003
26048
26059
26073
26158
26225
26340
26713
26928
27176
27186
27328
31545
32511
32554
32657
32917
40148
40955
42176
43869
44931
48001
49347
49917
53460
53574
53883
54185
54354
56607
58376
58425
60408
61394
62208
65126
65225
65631
67508
69529
70533
71131
71211
71453
71745
72171
72356
72714
73266
74226
74791
76054
77191
78836
79073
79428
80478
81018
81191
83976
84273
84716
85213
85510
86237
86922
87660
90245
90769
91128
91784
91860
92422
94735
95873
96020
96084
97168
97860
97904
100044
100277
100553
101741
102742
105250
105254
117364
117531
117545
117849
118880
120478
124853
127114
127180
127204
127298
128900
128902
128991
133802
134214
134796
137337
138966
140162
140816
143525
143859
143896
144478
147002
148424
150696
158972
159976
165969
171495
173197
173317
179135
184245
188833
31184
111659
3864
58554
70451
72605
73344
84240
102194
117466
133771
142448
4789
130482
136850
26528
193609
3420
3470
7925
97757
9
66
191
667
762
190209
4056
6869
56869
58842
62511
74685
77177
82378
90345
91978
92243
102407
105954
109687
115969
126430
127108
141749
165549
166946
176751
2676
34150
779
4419
5404
6658
27751
38164
40732
45081
51086
5666
7122
7419
8796
38886
44889
48342
48744
56921
59141
1593
4231
6612
8580
8998
26471
27329
53024
56805
73854
74282
93040
96563
7255
36525
42728
71579
3513
32019
83349
85401
86293
102686
156609
2112
3846
4090
4247
55167
110127
112512
322
335
1390
1401
1589
305
67295
1503
3364
3648
3726
4195
4294
4434
4792
4942
5288
5468
6021
6656
7304
7379
7756
7834
8138
32139
42556
71302
71999
80748
84799
87287
27815
31435
31804
43376
45880
46948
51084
72395
58105
160980
2546
2977
2996
4323
4333
1306
363
2074
2290
2303
2632
2729
2750
2970
3947
4191
4298
4393
4399
4429
5121
5147
5489
5809
5984
6035
6100
6123
6530
6533
6713
6783
6920
7024
7088
7118
7745
7749
7820
7936
7937
7939
7982
8195
8199
8239
8405
8670
25898
25963
26052
26231
26303
51709
52644
1703
43836
86298
199
242
695
991
1150
1184
1900
2708
3055
3067
4237
4273
4278
4562
5202
5325
5417
5470
5477
5537
130842
1701
6408
8738
26147
26631
60333
6023
7134
26554
26810
59814
69134
70708
33669
2416
6776
7324
40851
54648
69278
85412
93363
136540
165101
1797
2829
209
574
700
1121
1484
1498
1656
1689
2077
2114
2134
2236
2348
2425
2472
2745
2751
2877
2883
2889
2928
3008
3111
3145
3169
3308
3365
3378
3480
3566
3599
3606
3725
3784
3790
3823
3861
3862
3900
3951
3952
3993
3998
4147
4168
4175
4220
4248
4275
4312
4372
4380
4458
4475
4478
4488
4583
4600
4617
4654
4688
4745
4765
4771
4846
4889
4965
5009
5068
5071
5073
5074
5075
5137
5178
5237
5240
5285
5293
5303
5322
5328
5391
5416
5422
5460
5485
5521
5553
5589
5625
5685
5817
5829
5876
5896
5968
5993
5994
6022
6093
6159
6195
6216
6268
6269
6286
6322
6334
6337
6442
6534
6567
6689
6710
6816
6932
6954
6974
7139
7151
7162
7193
7251
7364
7367
7884
8119
8364
8919
8954
25834
30850
31101
34326
34536
36527
39234
40614
41527
47894
49793
52668
52784
53447
55080
55094
56908
66665
70862
78574
80126
87304
89804
95135
103048
106766
109848
112940
115828
127130
139644
140928
154358
159717
166024
166568
167570
168612
171765
173205
173209
176423
177615
178061
180045
3677
5951
90374
27704
27822
50851
69860
71379
74750
81417
86668
89580
90943
96110
97866
8337
8577
26693
1099
2070
2669
3447
4187
4190
4802
4833
4835
4916
5004
6290
103235
136469
782
8614
5081
5127
270
421
6503
3707
5532
8588
26322
27708
33893
45503
57274
66090
68347
77866
80880
84374
85885
92348
92391
74452
211
450
2880
3865
4721
5055
26865
32596
47044
96606
8690
4402
427
941
1010
2051
2693
3057
3249
3327
3618
3688
3979
4010
4339
4660
4981
5250
5308
5382
5490
5522
5541
5915
6375
6427
7091
7757
7894
8542
48262
49688
58351
66785
71466
82527
84696
89305
91653
97870
101895
104078
106062
106438
114028
115231
132333
152105
155659
3568
1833
2126
2338
2531
2668
4814
1341
7116
662
694
1167
4703
89039
1648
2677
3989
4697
4863
5224
5239
5932
5986
6064
6611
6775
6935
6945
6966
7620
7767
26359
27563
32582
34528
38198
45382
46855
55156
58191
61236
67665
80862
82857
83827
89090
100556
103107
104339
105835
109161
127136
146656
148982
152711
160644
162414
167064
179813
183199
183317
184721
187717
188189
7320
20
56169
60832
63853
74727
1783
3649
3723
3724
3732
389
2493
451
1078
1082
1924
1934
2204
2346
3445
3813
3832
3821
8965
69526
313
709
1913
2093
3036
3720
4214
4454
4725
5069
5348
6584
7051
7335
8169
8253
42422
51939
53468
54771
57243
59037
60979
70687
72308
74553
78746
82242
2362
2891
3102
4410
5365
4733
6436
26965
32291
33880
34271
36477
36537
39231
43460
43914
46967
47646
48142
49280
1465
1629
8268
63
455
998
2123
2296
3646
4759
5159
5786
5942
6616
8363
8593
32009
34530
42725
44840
65802
71268
76293
80241
82852
93320
6669
180231
65
467
656
692
704
809
833
842
879
886
891
990
1006
1438
1474
876
4438
4441
4444
5955
6927
6950
3461
5389
51834
74677
78105
80586
84847
89678
91337
93988
107565
126142
130073
1128
2662
26729
149330
184931
188797
50160
65685
91488
94070
107780
43
3406
27369
57504
66544
68194
76060
79006
127098
26903
27731
101962
104283
120130
127052
7762
42734
56563
104272
106889
120807
146682
1848
2057
2429
2477
2866
2950
3016
3401
3673
3674
4445
4801
4836
4912
1718
4086
393
798
4533
27251
36289
37386
51024
58297
61160
61289
62113
64695
69805
73268
73804
76175
85179
90403
91353
93766
97836
100163
101025
102716
104129
109850
112580
112911
116724
130634
144734
150993
164367
6888
55946
82053
7386
7888
2747
2772
132
1388
2380
2381
2382
3258
4526
6482
73881
101765
40
68
619
626
650
1969
1971
1972
1976
1977
1990
3190
3316
3626
3877
3937
3939
3940
3941
3942
1477
1621
4899
8531
112171
5059
5513
43684
60753
61257
907
1381
2820
3826
5613
5839
5840
6119
7460
26308
38095
48045
59026
68886
109313
111384
141866
148881
154975
4135
4219
4442
5296
7079
7340
26357
99191
58655
70641
88785
108156
140711
151315
8477
40491
57502
99764
143367
156605
1327
1991
2456
2570
3073
3093
3167
430
2506
2622
3109
6294
6583
6790
8730
8800
33437
87876
93272
94985
101362
117851
120799
135436
136556
160438
173145
173291
691
2259
2738
2874
3130
3402
3403
3414
3426
3449
284
1497
1605
1626
1652
1707
2059
2175
2196
2269
2807
2808
3353
3824
4200
4374
4748
4991
5409
5527
5657
6006
6417
6549
6577
6665
6723
6793
6994
6996
7017
7023
7031
7032
7345
7450
7782
8118
8643
8778
8869
3094
3786
4342
7615
27246
33649
59549
59667
70637
79798
96281
111913
113280
125974
128908
133645
163639
168026
171917
184997
188301
1112
1395
2014
2040
2241
2367
2405
2419
2521
2522
2639
3029
101577
103543
113829
114265
124851
130490
1236
3379
26453
57772
68945
80083
84187
95165
95182
95475
95499
95519
95771
95780
95965
96004
107999
136449
137859
170355
3524
25947
32456
50740
141846
181
285
611
742
53140
72982
80
156
263
365
444
461
469
506
563
583
632
639
645
665
795
937
961
1176
1190
1305
1399
1554
2156
2181
2185
2201
2388
2442
2481
2503
2789
2897
2931
3010
3015
3076
3179
3194
3241
3289
3295
3306
3310
3538
3581
3640
3641
3684
3808
3855
3920
4109
4205
4285
4289
4296
4356
4357
4395
4424
4484
4615
4644
4840
4883
5269
5503
5614
5733
5741
5742
5849
5856
6070
6107
6140
6237
6308
6376
6415
6466
6553
6573
6644
6671
6782
6789
6898
6961
6970
7010
7037
7067
7082
7084
7093
7115
7212
7382
7487
7579
7584
7705
7720
7789
8033
8270
8456
8487
8601
8813
8848
8933
25805
25833
25850
26038
26394
26527
26599
26777
26875
26985
27178
27408
27627
27722
27744
30803
30994
32234
32649
32728
32862
33237
33310
41014
42004
44189
47202
48032
48997
51314
51884
68872
69224
241
2097
2334
2737
2153
4052
4866
5065
5901
5959
6193
7773
8939
31221
32029
32302
33725
731
1161
407
1255
4794
4821
5953
6063
6978
7657
7984
8142
26159
26169
26401
26547
26585
26603
26612
26681
27032
27441
27480
27584
27790
34450
36850
40412
41712
42946
43289
44597
47404
47465
53022
54910
55492
56336
57421
58870
58964
59727
60303
63826
70208
70994
72142
73211
73569
73876
74228
74370
76091
77893
77931
78039
79501
80094
81132
81520
82366
86898
89072
89118
89837
91233
92309
94896
95377
95654
96832
97188
99030
100159
100579
100906
102066
102338
102760
103483
103685
104457
104944
107447
107462
107771
109968
110281
110591
110746
113565
113862
115727
116668
117867
129313
130840
135815
136602
138632
140267
141400
142598
146309
147657
156726
160527
161634
