id
444
510
169
154
113
475
281
119
297
216
168
605
353
391
521
490
316
215
85
35
258
246
562
535
270
318
89
174
347
193
488
452
581
335
290
39
395
155
101
247
287
541
87
426
313
1
195
11
221
125
564
117
606
252
345
423
310
9
451
358
20
607
153
587
68
324
360
23
271
331
251
18
254
292
455
354
467
334
143
482
44
337
82
152
50
282
84
124
349
371
540
470
61
225
249
557
213
31
582
66
430
255
294
24
285
79
74
550
454
481
194
8
357
597
141
538
19
53
583
161
167
57
514
296
572
198
424
67
107
72
102
575
288
406
16
472
420
98
504
421
527
600
385
374
411
127
229
242
148
308
322
65
104
130
536
236
509
40
220
315
289
157
418
321
28
356
274
434
473
269
206
165
199
447
419
181
361
544
330
609
121
479
438
15
73
338
26
449
212
326
516
25
471
450
81
429
393
231
560
513
522
133
75
559
48
145
2
150
456
156
517
123
501
207
256
204
80
244
227
599
179
425
403
91
147
398
100
372
570
477
217
34
407
99
46
523
261
548
383
228
465
232
584
553
437
276
598
97
223
158
402
241
93
38
90
305
518
32
63
37
268
178
567
196
280
314
379
62
476
478
283
524
608
189
177
208
365
233
139
435
350
128
491
201
301
163
237
197
36
219
240
52
339
512
307
110
187
144
492
388
192
377
363
320
70
397
439
92
528
542
69
96
498
209
27
304
532
589
400
95
319
592
239
342
33
549
58
30
43
408
414
60
222
586
441
534
291
49
375
591
427
545
493
253
224
340
596
13
580
309
546
396
45
262
250
164
486
182
103
460
267
312
162
571
3
112
188
303
138
494
203
160
594
323
574
432
496
373
306
184
604
329
7
137
359
295
115
42
122
525
126
515
569
376
554
205
543
120
484
190
602
412
170
462
601
384
234
457
176
185
539
537
275
459
446
299
248
485
369
191
5
480
401
405
56
505
41
302
21
77
259
284
348
263
332
551
136
317
422
266
218
118
466
106
114
610
336
109
416
382
94
445
378
368
328
211
111
469
352
500
415
399
461
300
51
497
387
381
588
210
448
547
464
344
386
159
173
463
200
577
260
238
440
595
530
552
568
134
14
298
59
366
390
458
590
17
576
166
6
507
531
64
272
436
343
563
149
86
468
273
257
243
502
88
489
526
380
151
279
264
561
585
573
533
175
265
503
495
226
325
132
22
520
116
129
131
364
409
327
235
410
555
172
140
346
180
71
578
83
474
183
603
593
29
135
499
230
433
529
4
351
362
278
355
404
453
78
428
286
105
565
333
367
392
556
186
566
443
277
47
579
55
142
146
12
417
431
171
413
202
108
341
487
511
483
519
76
389
394
10
558
370
506
